533 2522 -2949 246 30549 0 5
533 2804 -2981 247 30085 0 3
533 3411 -3085 295 30083 0 2
533 3071 -2983 268 30071 0 4
533 2798 -3110 268 29912 0 0
533 2788 -3535 251 17231 0 1
533 2961 -3433 299 16998 0 3
533 3762 -5116 144 16980 0 0
533 2782 -3088 268 16803 0 1
533 3350 -3620 261 16506 0 5
533 3360 -3620 261 16505 0 5
533 2534 -3515 268 16447 0 4
533 2936 -3370 299 16419 0 2
533 3224 -3217 317 16400 0 1
533 3129 -3313 294 16375 0 4
533 2854 -3252 299 16365 0 5
533 2889 -3628 274 16297 0 1
533 2896 -3482 298 16244 0 4
533 2895 -3476 298 16243 0 3
533 2835 -3751 275 16236 0 5
533 3488 -2911 320 16218 0 4
533 2705 -3238 268 16216 0 1
533 2703 -3187 268 16215 0 0
533 2756 -3113 268 16211 0 1
533 2725 -3222 268 16194 0 1
533 2914 -3280 299 16193 0 1
533 2569 -3530 268 16168 0 3
533 2844 -3334 299 16167 0 1
533 2887 -3314 299 16165 0 2
533 2557 -3374 268 16164 0 2
533 2788 -2985 241 16163 0 3
533 2906 -2983 268 16156 0 6
533 2915 -3215 274 16154 0 5
533 2906 -2990 268 16146 0 1
533 2913 -2982 268 16145 0 4
533 2692 -3431 269 16137 0 2
533 3123 -3152 343 16082 0 6
533 2877 -3153 274 16067 0 5
533 2515 -2955 246 16065 0 6
533 2519 -2951 246 16064 0 5
533 2525 -2945 246 16063 0 5
533 2765 -3088 268 16061 0 0
533 2641 -3387 286 16060 0 6
533 2764 -3769 274 16057 0 2
533 2866 -3791 275 16056 0 1
533 2863 -3693 282 16037 0 0
533 2858 -3679 279 16036 0 2
533 2740 -3884 295 16034 0 6
533 3004 -3149 295 16029 0 6
533 3305 -3232 295 16028 0 3
533 3265 -3358 293 16025 0 2
533 3136 -3235 295 16024 0 2
533 3011 -3249 295 16022 0 2
533 3005 -3247 295 16021 0 1
533 3008 -3241 295 16020 0 5
533 3073 -3367 299 16018 0 4
533 3108 -3282 295 16017 0 5
533 2910 -3997 275 16011 0 1
533 3748 -5113 143 15990 0 3
533 3385 -3677 260 15981 0 2
533 3376 -3679 260 15980 0 2
533 3453 -3530 268 15979 0 4
533 3147 -3641 288 15978 0 1
533 3453 -3693 295 15977 0 2
533 3452 -3618 268 15976 0 2
533 3446 -3532 268 15975 0 4
533 3448 -3524 268 15974 0 2
533 3307 -3476 288 15956 0 3
533 2685 -3503 262 15954 0 0
533 3353 -3620 261 15953 0 5
533 3508 -3918 298 15952 0 2
533 2795 -3708 277 15936 0 2
533 3277 -3164 298 15932 0 4
533 3176 -3306 320 15931 0 3
533 3514 -2985 313 15930 0 4
533 3455 -2927 313 15929 0 4
533 3510 -2932 304 15928 0 4
571 5373 2787 410 39173 0 3
571 5373 2787 410 39172 0 3
571 5906 2056 637 38505 0 4
571 3441 -4654 236 38453 0 2
571 5699 616 647 38294 0 1
571 5563 53 149 38032 0 2
571 5700 2144 799 37967 0 2
571 5679 2167 801 37965 0 6
571 5765 734 654 37942 0 3
571 5937 509 651 37941 0 2
571 5939 618 651 37780 0 2
571 8106 772 482 37742 0 1
571 5797 694 659 36945 0 0
571 5798 692 659 36856 0 0
571 5797 694 659 36851 0 6
571 5760 714 619 36774 0 2
571 5893 471 642 36670 0 4
571 5746 721 658 36669 0 1
571 8120 765 483 36657 0 2
571 8128 766 483 36642 0 2
571 5718 713 655 36506 0 2
571 8533 985 548 36223 0 1
571 8475 693 548 36124 0 1
571 8475 696 548 36122 0 6
571 8479 695 548 36121 0 3
571 8477 693 548 36120 0 2
571 8553 696 548 36118 0 4
571 8552 693 548 36116 0 2
571 8549 693 548 36109 0 0
571 8526 860 559 36102 0 3
571 8499 819 559 36069 0 6
571 8506 868 559 36066 0 0
571 8527 868 559 36065 0 3
571 5853 516 600 35826 0 0
571 8540 980 548 35808 0 1
571 5771 735 619 35790 0 5
571 5805 640 686 35608 0 0
571 5928 732 644 35607 0 5
571 5806 367 671 35604 0 2
571 5929 732 644 35594 0 5
571 8502 707 559 35580 0 0
571 8528 707 559 35579 0 3
571 8503 711 559 35578 0 6
571 8529 710 559 35577 0 3
571 8502 722 559 35576 0 0
571 8529 722 559 35575 0 3
571 8503 725 559 35574 0 0
571 5946 512 651 35508 0 3
571 5758 745 654 35507 0 4
571 5665 619 649 35500 0 2
571 8427 1032 551 35499 0 6
571 5919 663 644 35498 0 2
571 5673 624 649 35497 0 2
571 5766 738 654 35494 0 3
571 8420 1037 553 35482 0 4
571 8531 647 559 35476 0 2
571 8393 894 547 35473 0 3
571 5927 549 641 35471 0 2
571 8377 896 549 35470 0 4
571 8361 776 552 35469 0 6
571 8479 926 548 35467 0 5
571 8474 926 548 35462 0 5
571 8465 1588 674 35444 0 3
571 8515 998 548 35361 0 2
571 8504 1074 553 35344 0 5
571 9103 1231 6 35319 0 4
571 9035 806 6 35318 0 2
571 8582 680 548 35293 0 2
571 8441 694 548 35292 0 1
571 8439 696 548 35290 0 1
571 2909 6262 209 35135 0 4
571 2260 5180 12 35133 0 1
571 2919 6236 210 35132 0 2
571 8456 457 597 35127 0 2
571 8500 1072 553 35117 0 6
571 8452 458 597 35116 0 1
571 8483 1572 671 35113 0 0
571 8465 1588 673 35106 0 5
571 9589 893 -1 35105 0 0
571 9577 906 5 35102 0 2
571 8462 1085 555 35094 0 4
571 9472 1215 6 35092 0 4
571 9429 1188 2 35084 0 5
571 9476 1218 -1 35083 0 0
571 9588 880 0 35080 0 6
571 9461 1171 5 35070 0 2
571 8459 1632 672 34956 0 0
571 9606 984 -2 34925 0 4
571 9470 1206 5 34907 0 6
571 8609 669 551 34881 0 6
571 8606 661 551 34880 0 6
571 10017 682 26 34838 0 4
571 8523 1398 666 34810 0 0
571 8539 1428 639 34808 0 4
571 8401 768 550 34794 0 4
571 8427 668 551 34772 0 4
571 8420 674 551 34771 0 4
571 8497 1460 664 34734 0 4
571 4378 6080 1 34381 11686 0
571 5842 631 657 34330 0 5
571 8414 977 545 34319 0 0
571 6437 2355 466 34180 0 2
571 6464 2359 464 34179 0 6
571 6345 2192 488 34127 0 5
571 8491 1112 555 34102 0 5
571 5761 578 615 34095 0 2
571 8623 853 546 33974 0 2
571 8620 900 546 33973 0 3
571 8638 887 546 33972 0 4
571 8425 671 551 33971 0 4
571 5762 732 654 33964 0 2
571 5932 507 651 33963 0 2
571 5751 583 615 33938 0 6
571 8452 823 548 33872 0 3
571 8484 912 548 33870 0 3
571 8624 932 548 33868 0 3
571 8610 1073 559 33866 0 3
571 8487 940 548 33854 0 3
571 8482 892 548 33849 0 3
571 8577 681 548 33843 0 6
571 8489 905 548 33842 0 3
571 8572 673 548 33800 0 6
571 8486 918 548 33799 0 4
571 8489 923 548 33798 0 4
571 8485 926 548 33796 0 3
571 8575 677 548 33794 0 6
571 8492 936 548 33792 0 4
571 8582 903 551 33788 0 6
571 8605 1083 560 33787 0 0
571 8344 847 587 33778 0 0
571 8451 1059 555 33771 0 2
571 8587 829 548 33770 0 0
571 8614 816 548 33769 0 2
571 8443 1059 555 33763 0 1
571 8588 816 548 33762 0 1
571 8447 1056 555 33759 0 1
571 8402 924 546 33748 0 0
571 8457 946 545 33747 0 3
571 8442 1008 545 33739 0 5
571 8487 938 559 33698 0 3
571 8067 2653 532 33687 0 0
571 8406 663 551 33659 0 0
571 8408 658 551 33658 0 1
571 8620 669 551 33657 0 5
571 8625 673 551 33655 0 4
571 8633 653 551 33654 0 3
571 8627 660 551 33653 0 4
571 8605 645 551 33650 0 2
571 8596 646 551 33649 0 0
571 8601 641 551 33648 0 1
571 8618 650 551 33646 0 2
571 8580 750 548 33645 0 0
571 8580 755 548 33644 0 6
571 8553 969 548 33602 0 6
571 8559 939 548 33601 0 6
571 8548 955 548 33600 0 5
571 8548 933 548 33599 0 6
571 8565 863 548 33597 0 1
571 8550 903 548 33595 0 6
571 8554 916 548 33594 0 1
571 8629 672 551 33593 0 4
571 8632 656 551 33592 0 3
571 8550 936 548 33591 0 6
571 8490 967 548 33589 0 3
571 8549 907 548 33587 0 6
571 8554 864 548 33580 0 1
571 8565 732 549 33565 0 5
571 8662 755 548 33562 0 5
571 8629 724 548 33561 0 0
571 8665 693 548 33558 0 2
571 8428 656 551 33557 0 3
571 8404 672 551 33554 0 0
571 6363 2199 492 33550 0 4
571 8397 669 551 33549 0 6
571 8427 645 551 33548 0 2
571 8399 653 551 33544 0 0
571 8407 661 551 33542 0 0
571 8434 653 551 33538 0 3
571 9082 2060 68 33537 0 4
571 8459 970 547 33522 0 4
571 8550 1142 558 33518 0 5
571 8525 566 553 33513 0 2
571 8434 878 550 33481 0 2
571 8478 718 548 33476 0 1
571 8484 699 548 33473 0 5
571 8470 952 549 33469 0 3
571 8472 972 550 33468 0 3
571 8485 1101 555 33467 0 1
571 8478 1107 555 33465 0 1
571 8484 718 548 33460 0 4
571 8609 965 549 33447 0 3
571 6209 2090 519 33438 0 1
571 8447 750 548 33435 0 4
571 8446 746 548 33434 0 0
571 8464 1090 555 33417 0 1
571 8398 665 551 33403 0 6
571 8369 713 554 33384 0 3
571 8359 741 554 33383 0 4
571 8430 650 551 33379 0 2
571 8415 645 551 33373 0 2
571 8615 637 551 33315 0 2
571 8612 638 551 33312 0 1
571 8616 643 551 33310 0 2
571 5931 1077 201 33308 0 1
571 2326 -3948 219 33303 0 5
571 8312 702 554 33285 0 0
571 8376 870 549 33272 0 5
571 8391 861 549 33229 0 2
571 8624 640 551 33223 0 2
571 8630 645 551 33222 0 3
571 3749 -4306 182 33211 0 5
571 4062 7109 171 33087 0 0
571 5797 667 614 33026 0 6
571 448 -4537 245 33019 0 5
571 5726 -3597 390 33008 0 6
571 5741 -3601 388 33007 0 1
571 5749 768 642 32844 0 0
571 5854 660 648 32838 0 4
571 7441 1765 662 32777 0 4
571 1876 -6212 36 32774 0 1
571 537 -5003 11 32773 0 6
571 7610 1630 341 32772 0 5
571 7769 1617 350 32771 0 4
571 7753 1616 349 32770 0 5
571 7795 1620 470 32769 0 1
571 5845 699 619 32749 0 4
571 5854 685 611 32748 0 4
571 5922 567 610 32746 0 2
571 5813 686 619 32745 0 6
571 5842 702 619 32744 0 4
571 5773 593 611 32743 0 1
571 5866 837 847 32740 0 6
571 5864 836 847 32739 0 5
571 5833 835 847 32738 0 4
571 5836 852 844 32737 0 3
571 5836 834 847 32736 0 4
571 5853 863 844 32735 0 4
571 5851 863 844 32734 0 6
571 5815 793 633 32733 0 3
571 5797 690 619 32731 0 0
571 5778 532 642 32730 0 6
571 5812 793 633 32728 0 0
571 5847 605 622 32726 0 2
571 5785 771 662 32724 0 3
571 5728 630 648 32719 0 5
571 5792 626 648 32717 0 4
571 5869 652 646 32715 0 2
571 5888 736 640 32714 0 3
571 5732 647 647 32713 0 4
571 5688 646 647 32712 0 6
571 5809 576 654 32711 0 5
571 5780 558 652 32710 0 4
571 5785 532 642 32704 0 0
571 5809 755 641 32702 0 6
571 5833 588 651 32697 0 4
571 5800 573 650 32695 0 3
571 5862 693 643 32693 0 3
571 5827 502 658 32692 0 0
571 5845 586 652 32688 0 5
571 5829 503 658 32687 0 4
571 5801 727 641 32685 0 6
571 5914 738 642 32684 0 2
571 5892 636 648 32680 0 3
571 5845 585 652 32679 0 1
571 5860 694 643 32678 0 6
571 5925 565 602 32664 0 6
571 5864 753 642 32651 0 0
571 2807 6250 210 32647 0 4
571 5850 863 844 32631 0 2
571 5442 2866 419 32626 0 2
571 5476 2818 419 32625 0 4
571 5476 2818 419 32624 0 4
571 5468 2871 419 32623 0 0
571 5468 2871 419 32622 0 0
571 5408 2819 419 32621 0 0
571 5408 2819 419 32620 0 0
571 5468 2810 419 32619 0 1
571 5415 2811 419 32616 0 2
571 3145 -825 50 32609 0 4
571 5868 703 645 32606 0 2
571 5797 544 649 32604 0 1
571 5791 338 678 32602 0 1
571 5789 369 679 32600 0 2
571 5778 379 671 32598 21270 2
571 5837 386 675 32597 21270 1
571 2790 6970 6 32579 0 4
571 2761 6959 2 32578 0 5
571 2777 6946 6 32577 0 4
571 953 -5495 187 32573 0 3
571 3242 2509 43 32572 0 2
571 7162 -2229 760 32569 0 1
571 3697 4410 0 32544 0 1
571 7285 -2865 823 32540 0 1
571 3917 7039 685 32534 0 2
571 7938 2090 501 32529 0 3
571 7618 2050 501 32523 0 1
571 5885 674 616 32516 0 3
571 5908 742 641 32515 0 4
571 5839 734 642 32514 0 6
571 5754 635 651 32509 0 2
571 7057 2574 402 32505 0 3
571 6178 1914 633 32503 0 0
571 8392 -1189 928 32500 0 2
571 7514 3663 624 32495 0 5
571 6649 2694 496 32492 0 4
571 8303 2782 656 32488 0 4
571 6626 1122 273 32487 0 3
571 4865 4680 -69 32485 0 1
571 6737 2417 440 32482 0 1
571 8878 -1357 1034 32478 0 1
571 8894 -1361 1035 32477 0 3
571 8894 -1345 1032 32476 0 0
571 8554 2733 673 32472 0 4
571 5871 656 616 32470 0 4
571 8516 2598 653 32469 0 3
571 6691 2745 452 32467 0 0
571 5821 722 619 32466 0 4
571 5963 665 642 32451 0 5
571 5168 -2033 249 32447 0 4
571 7629 2060 601 32444 0 4
571 4064 -4599 175 32438 0 6
571 5825 583 613 32435 0 1
571 7889 2058 601 32430 0 5
571 3601 -3276 223 32429 0 5
571 5658 724 642 32426 0 3
571 3571 -1749 161 32422 0 1
571 5722 691 646 32421 0 3
571 5875 485 642 32420 0 3
571 5871 493 656 32418 0 5
571 4105 -1132 135 32417 0 1
571 5706 700 646 32416 0 6
571 5885 458 642 32415 0 0
571 7591 1394 333 32414 0 1
571 5716 682 646 32413 0 6
571 5878 464 642 32412 0 2
571 5851 636 648 32411 0 4
571 3425 1811 82 32409 0 0
571 1092 -5756 234 32386 0 6
571 2403 -5545 290 32377 0 6
571 5747 1008 175 32375 0 3
571 5733 1009 175 32373 0 2
571 5742 1038 175 32372 0 3
571 5744 1022 175 32371 0 3
571 3565 3635 37 32361 0 2
571 6642 2310 579 32349 0 2
571 5812 595 566 32343 0 3
571 5777 570 563 32341 0 1
571 5835 567 652 32335 0 2
571 5831 698 611 32333 0 5
571 5853 677 611 32332 0 4
571 5808 680 611 32330 0 6
571 5854 667 611 32329 0 3
571 5736 607 564 32325 0 0
571 5818 609 563 32324 0 4
571 5749 583 567 32322 0 1
571 5759 640 566 32321 0 6
571 8022 2072 510 32318 0 1
571 7399 1345 624 32301 0 0
571 8216 2188 500 32300 0 3
571 8175 2128 500 32297 0 2
571 7462 2111 515 32292 0 6
571 7974 2359 485 32290 0 2
571 5802 843 681 32287 0 5
571 8063 2012 500 32285 0 2
571 6481 2597 578 32280 0 6
571 6536 2847 652 32278 0 5
571 8060 1998 502 32275 0 4
571 8180 1856 515 32267 0 3
571 5768 530 656 32265 0 1
571 8139 2065 551 32262 0 5
571 8215 2000 551 32260 0 5
571 8210 1995 547 32259 0 5
571 7518 1335 349 32256 0 0
571 5890 458 642 32253 0 2
571 5901 459 642 32252 0 2
571 7484 2064 500 32250 0 4
571 5926 583 610 32249 0 5
571 8039 2375 488 32242 0 6
571 6252 2656 571 32241 0 2
571 7517 2168 503 32236 0 2
571 5810 684 648 32233 0 5
571 7298 1520 322 32227 0 3
571 7300 1530 326 32224 0 3
571 7290 1795 562 32223 0 1
571 5834 570 652 32216 0 2
571 5837 570 653 32207 0 2
571 5837 570 653 32206 0 2
571 7243 3019 515 32201 0 0
571 7726 2059 501 32196 0 6
571 7579 2061 501 32195 0 6
571 7869 2283 443 32189 0 3
571 4092 -462 147 32186 0 0
571 4059 -497 154 32185 0 1
571 4124 -472 156 32180 0 4
571 6777 1585 390 32176 0 0
571 6181 2741 575 32175 0 3
571 5879 717 644 32172 0 2
571 5689 775 648 32169 0 6
571 7176 1195 308 32161 0 3
571 7123 1113 311 32155 0 0
571 7601 2061 501 32154 0 3
571 7849 2223 374 32149 0 2
571 750 -2941 8 31916 0 0
571 5658 4551 -135 31910 0 2
571 8617 937 549 31898 0 5
571 6948 2027 520 31892 0 5
571 6857 1716 616 31891 0 3
571 2884 -3071 86 31889 0 5
571 5891 507 642 31886 0 1
571 7509 1729 350 31884 0 2
571 7260 1177 317 31868 0 6
571 5997 2459 533 31853 0 3
571 5833 563 652 31852 0 3
571 5783 840 681 31848 0 5
571 7222 1220 308 31847 0 6
571 7486 1800 368 31845 0 1
571 5979 2353 521 31843 0 5
571 5140 2181 391 31842 0 2
571 7504 1786 357 31834 0 2
571 7509 1795 357 31833 0 3
571 7510 1791 357 31832 0 4
571 7546 1448 327 31812 0 4
571 7281 1521 320 31808 0 5
571 2811 4033 18 31807 0 2
571 811 -2800 18 31806 0 6
571 2626 936 5 31804 0 2
571 7727 -2168 787 31798 0 3
571 5853 576 655 31796 0 6
571 2235 5108 10 31793 0 5
571 2239 5108 10 31792 0 3
571 2252 5104 20 31790 0 3
571 6133 2169 636 31787 0 2
571 6811 1871 580 31786 0 3
571 7710 1157 440 31783 0 1
571 7019 2187 629 31781 0 4
571 5994 2010 524 31780 0 3
571 6428 2257 477 31779 0 4
571 6461 2306 469 31775 0 1
571 6777 1629 392 31773 0 5
571 7018 2186 629 31770 0 6
571 5871 557 661 31769 0 1
571 43 -5251 10 31761 0 5
571 451 -5150 12 31760 0 6
571 45 -5229 10 31759 0 1
571 5862 553 653 31757 0 2
571 5873 552 653 31756 0 2
571 6352 2496 487 31754 0 6
571 6605 2545 447 31747 0 0
571 5838 558 655 31742 0 0
571 7851 1075 396 31738 0 5
571 7289 1524 320 31737 0 4
571 6810 1870 580 31736 0 6
571 5859 573 653 31735 0 3
571 5859 573 654 31732 0 4
571 5847 554 655 31730 0 1
571 5853 564 654 31729 0 3
571 2842 6186 123 31727 0 3
571 2850 6194 123 31726 0 4
571 2836 6201 124 31725 0 6
571 7381 1456 323 31721 0 4
571 2853 6179 125 31720 0 4
571 5839 555 655 31719 0 6
571 7930 1023 463 31718 0 5
571 5853 564 654 31710 0 1
571 1993 -6088 68 31705 0 0
571 7285 1526 320 31701 0 1
571 7888 2058 608 31690 0 4
571 5858 576 655 31689 0 4
571 3743 4007 29 31685 0 0
571 7615 2050 501 31648 0 1
571 5755 2053 484 31641 0 5
571 6753 1199 276 31583 0 4
571 5941 508 651 31582 0 3
571 5938 505 651 31581 0 2
571 7938 2886 406 31562 0 3
571 8079 2848 550 31554 0 5
571 5802 2199 515 31444 0 4
571 8264 2771 645 31438 0 6
571 6588 3278 819 31432 0 5
571 5889 2005 514 31414 0 3
571 5814 1986 504 31411 0 3
571 5544 930 229 31401 0 5
571 6945 1987 525 31399 0 6
571 6950 2051 522 31397 0 2
571 7025 1935 532 31396 0 1
571 5381 709 321 31393 0 4
571 4866 1477 210 31358 0 6
571 7144 1610 655 31353 0 2
571 4885 1456 210 31334 0 2
571 4876 1495 211 31333 0 4
571 6390 1967 632 31327 0 3
571 6420 1688 570 31324 0 1
571 6316 1750 526 31320 0 6
571 5933 1992 521 31318 0 6
571 6866 3568 736 31314 0 3
571 4719 1442 176 31313 0 1
571 4780 1391 188 31309 0 5
571 4838 1520 213 31308 0 1
571 6868 3578 736 31306 0 3
571 6486 1207 286 31304 0 6
571 4760 1376 179 31299 0 5
571 4742 1378 177 31298 0 5
571 4729 1359 171 31297 0 3
571 4866 1465 210 31295 0 4
571 5001 1402 285 31291 0 2
571 4794 1394 194 31285 0 6
571 6973 1689 559 31280 0 1
571 6718 3452 684 31279 0 5
571 6513 1146 275 31273 0 3
571 7009 2128 624 31267 0 3
571 8301 2761 656 31266 0 0
571 7243 1905 567 31265 0 3
571 7282 2015 571 31262 0 1
571 7385 1354 632 31261 0 1
571 6504 1845 509 31255 0 0
571 7613 1364 337 31254 0 2
571 8247 2783 642 31251 0 6
571 6178 -1061 412 31247 0 1
571 6380 465 517 31241 0 0
571 6636 3210 669 31235 0 1
571 5691 899 159 31231 0 1
571 5728 245 172 31229 0 1
571 5601 905 164 31228 0 2
571 6244 1944 632 31226 0 0
571 6031 1891 633 31225 0 2
571 6564 1614 634 31224 0 2
571 6473 1723 509 31221 0 6
571 6925 1226 293 31205 0 6
571 6559 1563 634 31161 0 5
571 6409 1723 509 31159 0 6
571 6681 1095 280 31152 0 1
571 6811 1644 390 31150 0 6
571 6815 1278 288 31147 0 0
571 6692 1111 278 31145 0 5
571 6934 1198 292 31142 0 4
571 6803 1219 278 31140 0 2
571 5928 2104 637 31139 0 5
571 6561 1345 406 31137 0 1
571 8216 3516 632 31135 0 4
571 7763 3070 579 31131 0 4
571 5482 -1024 182 31123 0 6
571 7079 4347 872 31117 0 3
571 5228 2810 410 31109 0 3
571 5298 2925 410 31108 0 1
571 5235 2889 410 31107 0 3
571 5294 2930 410 31106 0 1
571 5017 3677 363 31101 0 6
571 7430 4232 315 31078 0 4
571 6336 1665 556 31075 0 4
571 6399 404 554 31070 0 6
571 6401 464 513 31069 0 1
571 6407 432 512 31063 0 1
571 5033 3666 364 31053 0 3
571 5297 2888 410 31051 0 6
571 6490 1978 645 31049 0 1
571 6427 440 512 31044 0 0
571 6471 1756 509 31042 0 5
571 6533 544 446 31040 0 6
571 6553 579 420 31037 0 4
571 6131 -18 384 31033 0 1
571 6674 3176 650 31015 0 6
571 6420 1688 570 31012 0 1
571 6367 459 531 31004 0 1
571 6626 3199 652 30995 0 2
571 6621 3197 648 30993 0 4
571 6462 2038 573 30990 0 4
571 6470 405 488 30989 0 3
571 6471 399 488 30986 0 3
571 6466 403 489 30984 0 3
571 6441 3150 658 30960 0 1
571 6466 1743 509 30958 0 5
571 6074 1916 634 30957 0 2
571 6066 1923 633 30954 0 0
571 6472 1735 509 30953 0 2
571 7780 3070 578 30952 0 3
571 6437 3101 659 30950 0 6
571 7783 3043 525 30949 0 2
571 6440 2066 564 30944 0 3
571 6473 1824 525 30922 0 1
571 6468 1811 528 30921 0 6
571 6463 410 490 30900 0 2
571 6546 1812 630 30894 0 2
571 6418 423 512 30891 0 6
571 4285 1773 349 30873 0 2
571 5103 2188 366 30869 0 4
571 5341 -937 169 30868 0 5
571 7152 1618 668 30867 0 2
571 5363 -770 157 30864 0 2
571 5467 -587 159 30861 0 2
571 5370 -612 163 30860 0 3
571 6866 415 472 30852 0 1
571 4214 3022 355 30849 0 1
571 4284 3583 352 30848 0 2
571 4892 3508 347 30846 0 5
571 4710 3763 356 30842 0 1
571 7192 679 492 30841 0 3
571 7192 679 492 30838 0 3
571 7178 1607 666 30833 0 1
571 6869 422 471 30831 0 1
571 7218 666 488 30830 0 1
571 7451 1363 646 30827 0 2
571 7440 1367 626 30825 0 4
571 8387 2815 718 30824 0 4
571 5850 476 658 30755 0 3
571 7426 1338 625 30753 0 5
571 7400 1377 624 30752 0 2
571 6467 3135 658 30746 0 1
571 6470 3140 660 30742 0 3
571 4333 2331 377 30740 0 0
571 5180 2847 410 30739 24076 3
571 5604 5814 -69 30737 0 3
571 6368 218 396 30719 0 6
571 6649 3218 811 30708 0 2
571 7396 1376 625 30707 0 3
571 6523 3309 666 30704 0 3
571 6538 3336 666 30703 0 2
571 6495 3406 598 30701 0 3
571 7424 1392 619 30700 0 2
571 7400 1381 625 30699 0 2
571 6424 3270 641 30697 0 0
571 6458 3111 658 30696 0 2
571 7399 1380 625 30690 0 2
571 6379 225 397 30685 0 6
571 6384 247 397 30683 0 5
571 6972 -4099 480 30676 0 6
571 6181 125 377 30675 0 1
571 6187 132 377 30674 0 4
571 6906 -4096 468 30671 0 5
571 6309 53 394 30669 0 2
571 5735 533 653 30659 0 2
571 6249 75 391 30657 0 5
571 6409 422 512 30656 0 1
571 7169 1624 656 30655 0 1
571 7163 1633 658 30651 0 2
571 7384 1362 648 30649 0 4
571 7150 1627 658 30646 0 2
571 7148 1593 666 30640 0 1
571 6251 78 391 30639 0 1
571 7288 4225 577 30633 0 0
571 6654 3225 811 30631 0 3
571 6207 -16 411 30630 0 1
571 5622 701 653 30608 0 2
571 5628 702 653 30607 0 6
571 5619 695 653 30606 0 3
571 5624 695 653 30605 0 6
571 8126 3400 715 30599 0 0
571 6946 3505 709 30598 0 0
571 6360 44 399 30595 0 0
571 7340 -1085 907 30591 0 4
571 7400 1342 661 30588 0 2
571 6368 49 404 30575 0 0
571 6893 -4108 468 30572 0 6
571 6894 -4119 468 30569 0 0
571 7268 -891 926 30505 0 6
571 6120 -29 384 30500 0 2
571 7256 -864 925 30493 0 5
571 5787 742 619 30490 0 4
571 5370 2875 410 30489 0 3
571 7866 3413 655 30484 0 5
571 7823 3357 653 30483 0 0
571 8097 -2778 1056 30480 0 6
571 7210 1624 687 30476 0 1
571 7976 -2725 1138 30474 0 4
571 7620 -1604 971 30469 0 0
571 6180 -1060 411 30466 0 1
571 6191 -1054 410 30464 0 2
571 7359 -2815 798 30456 0 2
571 7224 -2694 750 30455 0 4
571 8143 -3011 1118 30448 0 2
571 8081 -2843 1139 30447 0 0
571 8383 -2549 1146 30446 0 4
571 7343 -1404 912 30445 0 2
571 7177 -2640 863 30442 0 1
571 6173 -65 389 30438 0 2
571 6203 -7 411 30436 0 4
571 6267 -45 422 30431 0 4
571 7005 4496 602 30430 0 3
571 7896 3297 633 30409 0 4
571 6638 543 400 30407 0 4
571 8015 3206 677 30404 0 2
571 5393 2975 416 30400 27936 5
571 8703 -716 935 30399 0 2
571 8561 -578 926 30396 0 6
571 7132 1579 641 30394 0 4
571 7883 -3237 850 30390 0 4
571 7182 -3562 828 30387 0 1
571 7522 -971 468 30384 0 4
571 7525 -972 479 30382 0 5
571 3765 1657 119 30373 0 2
571 3869 -4481 224 30372 0 1
571 2990 6096 142 30371 0 6
571 5809 -3540 392 30369 0 4
571 5438 2868 419 30368 0 3
571 5421 4741 -196 30362 0 2
571 6696 -199 975 30359 0 6
571 4547 -4285 175 30357 0 5
571 8395 -1355 980 30353 0 4
571 5804 491 658 30352 0 5
571 7187 1662 671 30351 0 3
571 7201 1610 669 30347 0 1
571 7131 1580 641 30345 0 4
571 7211 1625 671 30344 0 4
571 7911 1085 763 30342 0 6
571 8144 -2092 1195 30341 0 4
571 8478 2631 654 30336 0 4
571 8411 2697 656 30335 0 2
571 6225 102 379 30333 0 1
571 8493 2667 653 30326 0 3
571 7193 -2018 765 30325 0 5
571 7401 -2522 750 30320 0 5
571 8575 2639 653 30312 0 3
571 8336 2812 656 30311 0 5
571 8376 2781 656 30310 0 4
571 8500 2685 653 30308 0 3
571 8354 2806 656 30307 0 3
571 8316 2802 656 30306 0 6
571 8493 2669 653 30304 0 3
571 7171 -2255 805 30302 0 3
571 8495 -106 789 30301 0 3
571 7927 -154 869 30300 0 0
571 7761 -2161 1234 30295 0 1
571 7366 -2674 748 30294 0 4
571 7198 -2031 766 30292 0 2
571 7211 -2117 773 30291 0 3
571 7035 -2124 835 30275 0 5
571 6321 152 388 30273 0 4
571 5028 -523 227 30271 0 0
571 5587 -695 207 30269 0 1
571 5064 -593 221 30263 0 2
571 7420 -2886 824 30262 0 2
571 5057 -572 221 30261 0 6
571 7144 -2251 761 30260 0 1
571 5054 -581 221 30257 0 0
571 5627 -701 207 30254 0 3
571 5600 -674 207 30253 0 3
571 6220 6 411 30242 0 5
571 5591 -685 207 30239 0 6
571 5068 -629 215 30238 0 6
571 6127 -5 384 30235 0 6
571 5600 -752 199 30233 0 4
571 7631 3405 657 30232 0 1
571 6123 -13 384 30227 0 0
571 6256 -18 411 30223 0 1
571 8021 -259 849 30211 0 3
571 8024 -220 850 30209 0 0
571 6398 265 434 30207 0 5
571 6227 106 379 30205 0 0
571 6335 110 392 30204 0 6
571 6669 539 403 30203 0 1
571 7285 4226 577 30196 0 4
571 7061 4186 667 30195 0 2
571 6843 4040 617 30194 0 5
571 5801 -3018 287 30193 0 2
571 8257 -433 971 30190 0 5
571 6372 48 412 30188 0 6
571 6247 -50 422 30187 0 3
571 7166 3954 583 30186 0 4
571 8026 -2646 1136 30184 0 0
571 8468 3069 589 30180 0 2
571 7719 -1654 955 30177 0 0
571 8277 -440 971 30170 0 6
571 7419 -3141 838 30160 0 1
571 1978 -6256 9 30157 0 0
571 5777 -2989 274 30156 0 0
571 6922 -1388 831 30147 0 5
571 7740 -3263 863 30144 0 0
571 7885 -3415 868 30143 0 0
571 8393 -1970 1462 30142 0 0
571 5790 -3024 287 30140 0 1
571 5818 648 610 30137 0 5
571 7507 -944 539 30136 0 5
571 7769 -3268 864 30135 0 6
571 7199 -2654 814 30127 0 0
571 7220 -3645 825 30122 0 3
571 7269 -3640 826 30120 0 2
571 5794 793 662 30117 0 0
571 5801 793 662 30116 0 3
571 7528 -980 468 30107 0 5
571 5699 -2976 301 30102 0 0
571 5793 -3019 287 30098 0 2
571 7273 -118 773 30096 0 5
571 7362 -1239 902 30091 0 5
571 8487 3119 589 30086 0 4
571 7263 -874 926 30082 0 5
571 3503 176 -97 30078 0 1
571 8369 2729 656 30074 0 1
571 7428 4156 315 30069 0 2
571 7429 4157 315 30067 0 2
571 7359 -9 780 30066 0 3
571 7341 -926 911 30063 0 5
571 7233 -1126 941 30060 0 4
571 3455 255 -113 30058 0 1
571 8429 2870 607 30056 0 2
571 3588 6653 196 30051 0 3
571 7267 140 785 30046 0 0
571 7134 -1318 917 30040 0 3
571 5746 -3547 389 30039 0 6
571 8416 3164 589 30037 0 4
571 7050 -1787 824 30012 0 4
571 5789 -3023 287 30009 0 2
571 7070 -1701 822 30008 0 3
571 8449 -338 907 30001 0 6
571 6778 -1595 821 29997 0 5
571 6674 -195 952 29996 0 4
571 7786 -2823 1217 29994 0 2
571 8050 -2222 1207 29984 0 4
571 8105 -2333 1158 29979 0 6
571 6917 -1542 834 29975 0 1
571 7816 -2896 1238 29973 0 2
571 7798 -2967 1260 29971 0 1
571 7832 -2971 1260 29970 0 3
571 7796 -2968 1259 29969 0 1
571 7824 -2910 1243 29968 0 3
571 7783 -2822 1217 29967 0 2
571 807 -3002 24 29966 0 0
571 8410 -394 904 29962 0 2
571 8389 -375 904 29961 0 6
571 8413 -358 907 29960 0 1
571 8224 -437 971 29959 0 6
571 7390 -3262 854 29958 0 2
571 2874 888 23 29953 0 0
571 8862 -1324 1034 29951 0 6
571 8475 -335 907 29950 0 3
571 6671 -195 952 29948 0 4
571 7879 -748 1176 29945 0 4
571 7850 -798 1185 29944 0 3
571 5418 -1388 240 29939 0 1
571 5786 -1604 236 29928 0 5
571 6643 -212 952 29924 0 1
571 8427 2928 607 29919 0 0
571 5624 -1723 238 29917 0 3
571 5650 -1753 240 29916 0 4
571 8427 3068 589 29915 0 2
571 7444 -3097 838 29914 0 6
571 6119 -1071 404 29910 0 2
571 6150 -1057 404 29909 0 3
571 6124 -1081 403 29904 0 2
571 5800 -1950 238 29897 0 0
571 5665 -1415 247 29894 0 5
571 5854 -1698 245 29893 0 3
571 5738 -1312 233 29892 0 4
571 5781 -1338 232 29890 0 6
571 6194 -1980 232 29887 0 2
571 8327 3350 642 29880 0 4
571 6235 -2035 283 29872 0 1
571 6903 70 806 29862 0 5
571 7769 -1057 930 29857 0 4
571 5111 -1585 236 29856 0 4
571 7084 -1337 921 29849 0 2
571 7252 -1064 942 29844 0 3
571 8419 2621 760 29840 0 5
571 6788 -1695 822 29839 0 6
571 5813 687 656 29812 0 1
571 7243 -2649 750 29809 0 6
571 6946 -170 776 29808 0 3
571 5813 687 656 29807 0 0
571 5814 683 654 29802 0 0
571 8393 -393 904 29801 0 1
571 7222 1586 671 29799 0 4
571 7088 -1777 822 29796 0 3
571 7442 1376 646 29795 0 6
571 7097 143 1050 29794 0 3
571 7104 -358 785 29793 0 4
571 7054 -649 735 29792 0 3
571 8526 2665 1038 29790 0 3
571 5805 684 650 29785 0 5
571 5805 683 650 29784 0 2
571 5809 696 649 29783 0 5
571 5817 681 649 29782 0 4
571 5819 683 649 29781 0 3
571 5928 584 610 29778 0 5
571 8403 2824 717 29770 0 1
571 8298 2658 689 29769 0 6
571 5759 645 662 29766 0 0
571 5758 645 662 29765 0 0
571 5758 644 662 29763 0 6
571 7794 -2808 1218 29762 0 4
571 7858 -736 1178 29757 0 6
571 7003 -1407 982 29755 0 6
571 7283 -1078 992 29753 0 2
571 6964 44 820 29751 0 2
571 6673 -257 963 29750 0 4
571 8526 2665 1046 29747 0 3
571 8101 -899 962 29746 0 3
571 6707 -250 949 29745 0 3
571 6685 -207 950 29744 0 4
571 3274 -2247 115 29740 0 5
571 8408 2712 656 29738 0 1
571 5152 -2198 237 29733 0 5
571 6599 -286 987 29730 0 1
571 6646 -233 950 29727 0 0
571 8335 2815 656 29717 0 2
571 5810 678 648 29716 0 1
571 5875 609 651 29715 0 2
571 7485 4804 45 29710 0 6
571 7226 -2657 867 29708 0 5
571 5812 677 659 29703 0 3
571 5813 685 659 29702 0 4
571 4878 -2383 235 29700 0 5
571 4923 -1917 249 29699 0 1
571 4920 -2143 249 29698 0 1
571 5542 -1855 239 29691 0 3
571 5151 -2206 237 29690 0 3
571 5541 -1875 239 29689 0 1
571 5539 -1863 239 29688 0 1
571 5146 -2205 237 29687 0 6
571 4878 -2383 235 29686 0 2
571 5990 537 662 29672 0 5
571 5660 795 655 29671 0 3
571 5644 788 655 29667 0 4
571 1449 -3306 170 29663 0 3
571 1450 -3309 169 29662 0 1
571 5685 771 648 29660 0 5
571 1450 -3309 170 29658 0 3
571 5953 570 661 29657 0 4
571 4034 7093 169 29655 0 1
571 7151 -792 893 29652 0 1
571 7843 -815 1185 29651 0 2
571 6687 -263 955 29650 0 2
571 5796 -1594 236 29647 0 2
571 5642 -1778 235 29646 0 0
571 6035 -750 370 29644 0 2
571 6002 -539 350 29643 0 2
571 6118 -948 393 29642 0 4
571 5863 713 646 29641 0 5
571 7222 -2812 823 29639 0 5
571 5760 742 642 29636 0 5
571 6523 -1755 437 29626 0 2
571 7472 4827 55 29614 0 2
571 7244 -2125 779 29605 0 3
571 7315 -1603 945 29599 0 3
571 6654 -311 990 29593 0 2
571 7449 303 772 29590 0 5
571 6980 -16 811 29586 0 4
571 5771 -3575 388 29583 0 6
571 7333 -2403 750 29571 0 3
571 7389 -36 782 29569 0 3
571 5815 619 611 29568 0 3
571 7335 -2055 765 29563 0 3
571 7177 -2129 764 29562 0 3
571 199 -6207 1 29559 0 1
571 6429 -1711 434 29554 0 1
571 6851 -1667 823 29549 0 6
571 5906 628 647 29548 0 1
571 6292 -1369 426 29546 0 4
571 7387 -2432 749 29544 0 2
571 7275 -2390 754 29543 0 5
571 7450 4846 58 29542 0 0
571 5932 578 610 29538 0 4
571 5933 557 610 29535 0 3
571 5799 600 611 29534 0 3
571 5763 639 651 29528 0 3
571 5759 618 662 29527 0 1
571 5662 627 649 29523 0 6
571 6833 -1372 820 29518 0 2
571 7402 4208 317 29517 0 3
571 5929 724 643 29513 0 1
571 5887 749 641 29511 0 3
571 5874 766 649 29510 0 6
571 5899 753 653 29509 0 6
571 5905 677 644 29505 0 6
571 7442 -3183 838 29504 0 1
571 7178 -3647 826 29503 0 2
571 7079 -1962 771 29500 0 5
571 5710 593 657 29497 0 2
571 5718 595 649 29496 0 1
571 5793 684 659 29495 0 6
571 5782 552 652 29493 0 2
571 7674 5003 21 29490 0 0
571 1588 -5034 119 29487 0 0
571 1692 -4953 122 29486 0 1
571 5223 -1300 243 29484 0 4
571 6226 -1214 448 29483 0 5
571 5814 680 648 29478 0 2
571 8446 183 797 29477 0 4
571 7444 -856 915 29469 0 3
571 5950 -1851 249 29468 0 2
571 6914 -1056 809 29466 0 3
571 7138 -2167 799 29460 0 2
571 5691 -1382 235 29454 0 5
571 5714 -1313 252 29453 0 5
571 5927 -1679 231 29451 0 4
571 6350 -2602 319 29444 0 3
571 5098 -2206 245 29439 0 4
571 5027 -2266 246 29437 0 4
571 5256 -1376 239 29436 0 3
571 6089 -1058 405 29433 0 4
571 6318 -1762 458 29432 0 2
571 6099 -1076 405 29431 0 5
571 6243 -1128 421 29430 0 3
571 6037 -652 370 29429 0 1
571 6153 -1069 403 29428 0 3
571 6994 -1295 816 29427 0 1
571 6968 -1297 820 29426 0 0
571 8147 -275 938 29424 0 0
571 1987 -6248 2 29422 0 4
571 1961 -6066 17 29420 0 3
571 1962 -6066 17 29419 0 3
571 7436 4214 317 29415 0 4
571 6692 -1492 378 29412 0 2
571 6674 -1134 398 29411 0 1
571 6416 -1647 421 29409 0 4
571 6291 -1411 426 29407 0 1
571 6042 -649 370 29399 0 1
571 7404 4210 317 29396 0 0
571 2855 -3869 249 29393 0 2
571 7490 5079 1 29392 0 0
571 7972 -569 923 29390 0 2
571 8250 -436 971 29389 0 5
571 7803 -54 885 29384 0 5
571 8076 -403 986 29376 0 2
571 7928 -25 960 29374 0 1
571 7944 -11 961 29370 0 6
571 7826 -133 884 29369 0 0
571 7725 115 1014 29368 0 5
571 7053 -1797 824 29366 0 5
571 7434 -2699 808 29358 0 5
571 7098 -1766 822 29352 0 3
571 7416 -2482 753 29351 0 2
571 7414 4218 316 29344 0 6
571 8385 2757 657 29343 0 4
571 6319 -4542 455 29334 0 6
571 4276 4285 94 29328 0 2
571 5430 -3522 366 29327 0 2
571 5519 -4286 365 29319 0 1
571 1980 -6225 8 29302 0 6
571 4534 -4149 196 29285 0 3
571 5989 608 651 29282 0 0
571 4331 -4988 21 29277 0 2
571 3592 -2927 228 29275 0 0
571 3590 -2947 229 29270 0 6
571 5940 580 661 29255 0 4
571 5740 677 645 29254 0 6
571 3421 -2768 201 29244 0 2
571 6486 -4536 459 29237 0 6
571 6444 -4398 459 29236 0 1
571 6414 -4087 458 29235 0 2
571 5441 -2629 307 29169 0 6
571 3424 -2791 202 29161 0 1
571 3266 -2193 118 29160 0 5
571 2273 5193 13 29158 0 1
571 5543 5763 -78 29157 0 4
571 5808 586 653 29156 0 5
571 -133 -3532 5 29151 0 5
571 5293 4510 -90 29146 0 4
571 5258 4481 -84 29132 0 5
571 5265 4480 -82 29130 0 4
571 5683 3719 -33 29124 0 2
571 5270 4533 -82 29122 0 4
571 4982 4591 155 29069 0 2
571 5726 3256 311 29066 0 5
571 5102 5342 219 29057 0 4
571 6202 4767 223 29056 0 5
571 6348 -4488 459 29050 0 5
571 5859 655 648 29049 0 3
571 5270 4502 -82 29043 0 2
571 5677 4576 -136 29037 0 3
571 5626 5138 -132 29036 0 0
571 5663 4595 -137 29035 0 4
571 5872 4117 -85 29027 0 2
571 5042 -3544 285 29026 0 3
571 5245 4493 -84 29014 0 1
571 5628 4603 -137 29006 0 2
571 5920 666 644 28997 0 3
571 6882 -4571 443 28996 0 2
571 5716 597 649 28991 0 1
571 5917 661 644 28990 0 2
571 5783 553 652 28989 0 2
571 5811 597 653 28958 0 4
571 6830 -4526 443 28952 0 3
571 5851 564 653 28951 0 2
571 6221 -1987 462 28931 0 4
571 6494 -4005 472 28918 0 3
571 6578 -3992 484 28917 0 3
571 6432 -3778 471 28916 0 5
571 6592 -3905 494 28902 0 3
571 6179 -2085 463 28888 0 2
571 6148 -2023 426 28879 0 2
571 6263 5805 48 28877 0 3
571 5231 -1315 243 28869 0 3
571 5229 -1306 243 28868 0 4
571 5196 -1300 245 28865 0 2
571 5770 -3573 388 28855 0 6
571 6295 -4210 448 28851 0 5
571 5325 -3619 364 28848 0 2
571 5460 4805 -213 28847 0 2
571 6427 -2256 287 28844 0 3
571 6210 -2145 236 28843 0 0
571 5737 -3568 387 28832 0 6
571 5786 -3590 388 28830 0 3
571 5755 -3567 387 28827 0 3
571 5180 -2235 241 28818 0 5
571 5147 -2214 237 28812 0 2
571 5155 -2203 237 28811 0 3
571 5162 -2208 237 28810 0 2
571 6208 -2158 237 28802 0 5
571 5489 -2670 304 28801 0 4
571 5408 -2652 304 28799 0 3
571 5412 -2665 304 28797 0 3
571 5377 -2610 304 28794 0 0
571 5953 -2190 249 28793 0 1
571 5463 -2639 307 28791 0 3
571 5495 -2612 304 28790 0 0
571 5920 5372 -98 28789 0 2
571 5910 5380 -98 28787 0 6
571 5744 -4228 364 28784 0 2
571 5763 628 651 28776 0 4
571 5769 628 651 28774 0 4
571 6450 5096 -64 28771 0 5
571 5841 -4380 374 28756 0 2
571 5645 -4273 376 28754 0 6
571 5757 -4319 374 28752 0 2
571 5591 -4354 375 28748 0 2
571 5675 -4308 374 28747 0 3
571 5506 4748 -194 28746 0 2
571 5707 612 647 28742 0 1
571 5878 693 645 28727 0 4
571 5876 757 641 28726 0 5
571 5882 708 644 28725 0 6
571 5743 -4293 376 28724 0 5
571 5865 708 644 28723 0 4
571 5931 729 643 28722 0 3
571 5913 749 642 28718 0 3
571 5759 732 642 28715 0 1
571 5836 730 642 28714 0 6
571 5892 619 650 28708 0 2
571 5862 745 641 28706 0 5
571 5701 718 643 28705 0 1
571 5876 695 645 28704 0 4
571 5923 733 643 28697 0 5
571 5911 764 642 28696 0 5
571 5676 608 649 28692 0 1
571 5860 557 653 28690 0 2
571 5847 635 648 28687 0 1
571 5764 704 619 28685 0 6
571 5984 607 652 28677 0 3
571 5716 -4369 386 28672 0 2
571 5632 3794 -92 28668 0 3
571 6071 -2092 424 28666 0 5
571 5620 3785 -93 28659 0 6
571 3698 -466 166 28640 0 1
571 5989 -3878 418 28636 0 2
571 2940 -119 91 28630 0 1
571 5780 -3598 387 28624 0 2
571 5522 -2674 304 28623 0 2
571 5193 -2207 240 28618 0 3
571 5219 -1299 243 28615 0 5
571 6193 -3493 384 28597 0 3
571 5157 -1589 240 28589 0 5
571 5076 -1641 236 28565 0 4
571 5279 -1359 240 28564 0 2
571 6203 4765 249 28563 0 2
571 6372 -3267 389 28561 0 0
571 5550 5770 -73 28537 0 6
571 5550 5770 -73 28536 0 4
571 5370 -2130 243 28519 0 2
571 5206 -1314 243 28518 0 0
571 5641 -3528 363 28504 0 2
571 5576 5759 -75 28497 0 5
571 5496 -3427 351 28496 0 6
571 5623 -3478 351 28495 0 3
571 5798 -3554 391 28484 0 3
571 5873 4117 -85 28482 0 2
571 5782 -3575 387 28480 0 2
571 5715 -4160 354 28477 0 2
571 6676 4878 -10 28467 0 6
571 5282 4976 -126 28466 0 0
571 5538 4092 44 28464 0 0
571 5442 4797 -216 28463 0 1
571 5000 4289 -85 28462 0 2
571 5116 4018 -61 28461 0 2
571 5587 3810 -103 28460 0 4
571 5804 3627 -12 28459 0 6
571 5112 5543 -97 28456 0 2
571 5647 4581 -137 28455 0 1
571 4891 4528 -68 28454 0 5
571 6488 5077 -63 28451 0 6
571 6006 4025 -44 28443 0 3
571 6094 -3314 348 28442 0 1
571 2280 4954 5 28440 0 3
571 6447 -3423 389 28418 0 2
571 6081 -3365 351 28417 0 2
571 5486 -3266 294 28413 0 2
571 5285 -3271 282 28412 0 1
571 5908 -3207 361 28411 0 6
571 5430 -3739 362 28402 0 2
571 5744 -3609 388 28401 0 1
571 5515 -3475 351 28388 0 5
571 5756 -3450 373 28387 0 2
571 2788 4694 2 28382 0 1
571 6418 5083 -68 28380 0 6
571 6339 5122 -76 28379 0 4
571 4005 6389 30 28375 0 6
571 6447 5093 -63 28374 0 0
571 5994 4484 -87 28373 0 6
571 5523 4548 -139 28362 0 0
571 5725 4371 -138 28358 0 6
571 5482 -3262 294 28352 0 5
571 4994 1388 285 28348 0 6
571 5712 646 738 28332 0 0
571 5548 5750 -77 28328 0 3
571 5391 2719 419 28319 0 3
571 5402 4688 -124 28315 0 1
571 1536 -5719 252 28314 0 1
571 1534 -5717 252 28313 0 1
571 5374 -2606 304 28309 0 3
571 4970 -2872 290 28303 0 6
571 5260 4513 -84 28299 0 2
571 6043 4894 -94 28288 0 1
571 5270 -3499 292 28283 0 3
571 5242 5741 -59 28279 0 4
571 -184 -3586 0 28277 0 5
571 5589 5822 -68 28266 0 1
571 4572 -1065 167 28264 0 6
571 4597 -1074 166 28263 0 4
571 4595 -1079 166 28262 0 2
571 5065 -3442 292 28257 0 2
571 6265 5002 -93 28254 0 3
571 6197 4964 -80 28253 0 3
571 5451 -2639 307 28244 0 2
571 5445 -1428 247 28243 0 5
571 5983 -2465 292 28233 0 1
571 5603 5229 -133 28229 0 1
571 6200 -2412 308 28221 0 6
571 6202 3793 143 28220 0 4
571 6171 4104 -22 28218 0 5
571 5474 4462 -137 28217 0 3
571 5120 3980 -62 28213 0 1
571 6163 3836 97 28207 0 4
571 5501 -2664 304 28204 0 6
571 2793 907 23 28196 0 1
571 2917 4043 2 28195 0 1
571 3740 3569 478 28189 0 6
571 5965 5359 -91 28188 0 4
571 2756 -168 139 28187 0 4
571 5819 5363 -67 28186 0 1
571 5457 -2651 306 28178 0 2
571 5447 -2640 307 28177 0 4
571 5449 -2640 307 28175 0 2
571 6198 3801 271 28170 0 2
571 5835 483 659 28160 0 4
571 1322 -3172 163 28157 0 0
571 5008 -3210 279 28156 0 4
571 2722 6609 38 28150 0 2
571 5300 4487 -93 28139 0 6
571 5258 -3500 292 28137 0 4
571 1356 -3301 176 28135 0 3
571 5343 -3130 282 28133 0 6
571 5155 4019 -61 28127 0 1
571 5269 -3510 292 28125 0 2
571 5997 5420 -91 28124 0 3
571 5912 5378 -98 28123 0 3
571 5608 3722 -114 28113 0 2
571 5033 5491 -87 28112 0 2
571 5054 5562 -97 28111 0 4
571 6260 5061 -92 28110 0 5
571 6060 4952 -94 28109 0 5
571 6014 4163 -63 28108 0 4
571 5116 5471 -91 28107 0 2
571 6208 3874 133 28103 0 3
571 6064 -2616 303 28099 0 0
571 4998 4789 -102 28098 0 5
571 5155 4041 -60 28096 0 1
571 5063 4728 -132 28095 0 3
571 5531 5749 -69 28093 0 3
571 6392 -2615 324 28089 0 4
571 4985 4441 -130 28087 0 3
571 5011 4286 -85 28086 0 3
571 4944 4383 -67 28085 0 3
571 5250 4514 -85 28082 0 0
571 6630 5180 -40 28080 0 2
571 4962 5847 -64 28079 0 1
571 4949 5802 -65 28078 0 6
571 5061 4721 -134 28077 0 3
571 5278 4679 -134 28076 0 4
571 5719 3427 301 28069 0 2
571 3809 -776 205 28065 0 6
571 5121 -3226 279 28064 0 1
571 5440 -2568 304 28059 0 1
571 3229 -680 168 28057 0 6
571 6064 -2618 304 28056 0 0
571 5536 5752 -79 28054 0 0
571 5536 5752 -77 28053 0 0
571 5559 5764 -77 28046 0 4
571 5930 -2379 295 28045 0 5
571 5261 -3503 292 28044 0 2
571 5537 -3008 279 28043 0 1
571 5045 -3036 294 28042 0 2
571 5552 5739 -76 28040 0 2
571 5590 5829 -68 28037 0 6
571 6380 -2722 303 28036 0 0
571 5589 5825 -68 28033 0 6
571 5548 5742 -76 28032 0 1
571 5573 5767 -75 28031 0 5
571 5719 -4361 386 28030 0 1
571 5492 -2510 293 28029 0 2
571 5435 -2515 293 28028 0 2
571 5651 4556 -134 28027 0 1
571 5672 4594 -135 28025 0 3
571 5408 4754 -199 28011 0 0
571 5432 4850 -198 28010 0 5
571 5685 5706 -80 28009 0 6
571 4246 510 12 28005 0 2
571 6598 4547 -38 28004 0 3
571 6032 4952 -100 28003 0 2
571 5986 5613 -70 28001 0 2
571 3529 274 343 27990 0 0
571 5010 1453 265 27957 0 2
571 3524 362 53 27953 0 1
571 2660 -357 145 27951 0 6
571 3580 180 53 27948 0 4
571 4559 -4234 172 27944 0 3
571 3520 298 48 27943 0 6
571 4248 -1843 203 27941 0 3
571 3570 300 48 27940 0 4
571 3523 244 48 27938 0 1
571 3573 251 48 27935 0 2
571 569 -5010 12 27930 0 2
571 372 -4203 253 27927 0 6
571 3591 6656 196 27906 0 2
571 3591 6648 196 27904 0 5
571 605 -5034 3 27887 0 1
571 4700 1507 262 27872 0 6
571 3842 3636 310 27859 0 4
571 3338 2517 200 27853 0 5
571 4502 2712 392 27852 0 5
571 3236 -707 168 27849 0 3
571 3241 -738 169 27846 0 6
571 4514 -6 73 27844 0 4
571 3560 -993 77 27836 0 5
571 3627 -897 76 27835 0 3
571 2000 -5769 223 27832 0 3
571 3586 -1247 87 27823 0 6
571 3817 -1204 126 27808 0 3
571 3487 358 55 27804 0 4
571 5876 4116 -85 27801 0 5
571 3587 -1137 90 27799 0 1
571 3640 -1178 90 27797 0 6
571 3695 -1123 99 27795 0 3
571 3652 -1210 99 27794 0 1
571 3689 -1132 99 27792 0 3
571 2823 50 -1 27789 0 0
571 3689 -1141 98 27788 0 4
571 3257 -659 168 27787 0 2
571 3539 286 343 27785 0 5
571 3797 -680 223 27784 0 6
571 3548 258 343 27765 0 2
571 3672 1217 144 27763 0 4
571 2913 -1410 61 27762 0 6
571 3631 1217 135 27751 0 0
571 4902 1221 225 27750 0 3
571 3665 1228 143 27749 0 4
571 3647 1057 59 27725 0 0
571 3281 -2289 109 27719 0 1
571 3145 485 21 27698 0 6
571 4779 1349 196 27691 0 4
571 2561 -2232 15 27689 0 4
571 3622 800 67 27686 0 4
571 4756 1305 164 27678 0 1
571 4720 1347 167 27677 0 1
571 4219 -2466 231 27676 0 3
571 4707 1606 257 27671 0 6
571 3723 -696 218 27662 0 3
571 4823 1358 178 27631 0 3
571 3566 358 125 27629 0 4
571 4033 -4376 264 27627 0 4
571 4140 -1919 191 27617 0 4
571 4237 -1937 204 27613 0 2
571 4720 1356 166 27611 0 4
571 2984 4071 29 27610 0 1
571 3770 -1279 134 27607 0 1
571 2831 -1708 19 27606 0 2
571 4802 1413 194 27605 0 4
571 4869 1397 197 27604 0 6
571 4797 1472 194 27603 0 2
571 2691 -2265 15 27602 0 2
571 3865 -1408 144 27587 0 2
571 4600 -4217 179 27582 0 4
571 4543 -5625 25 27580 0 1
571 4695 -5570 54 27579 0 3
571 4608 -5687 139 27578 0 3
571 4757 1319 165 27573 0 1
571 2734 -2061 5 27570 0 2
571 2863 4060 2 27566 0 3
571 2835 -1697 19 27565 0 4
571 2673 -2272 13 27562 0 5
571 5070 1149 259 27560 0 3
571 4886 1235 256 27559 0 3
571 4499 -3496 228 27555 0 0
571 4556 -3521 227 27554 0 1
571 2822 -1667 17 27550 0 5
571 3142 -3014 135 27547 0 1
571 4697 1508 262 27544 0 5
571 3642 1019 57 27539 0 4
571 4510 1297 147 27538 0 4
571 3639 1013 57 27534 0 3
571 3617 1037 58 27533 0 0
571 3640 1223 135 27531 0 5
571 3907 866 57 27530 0 2
571 3692 -5411 33 27523 0 6
571 4703 1439 189 27521 0 0
571 2674 -2275 13 27520 0 1
571 4636 1420 183 27519 0 0
571 4569 1436 190 27518 0 2
571 4559 1401 193 27516 0 0
571 3792 -831 213 27513 0 0
571 2709 -1809 5 27511 0 5
571 3622 -781 150 27510 0 3
571 3704 699 90 27506 0 4
571 4406 -2499 254 27499 0 3
571 4480 -2259 181 27497 0 3
571 3017 4109 25 27494 0 2
571 4474 -2261 181 27493 0 3
571 3095 -1244 11 27492 0 3
571 4062 -2849 286 27482 0 4
571 3209 -1983 86 27479 0 3
571 4357 -3315 313 27475 0 6
571 3984 -3164 277 27468 0 1
571 3437 -2796 202 27467 0 6
571 4371 -2887 308 27464 0 2
571 4143 -2917 282 27463 0 6
571 4483 -4122 172 27462 0 4
571 4479 -4040 178 27458 0 6
571 4332 -2901 307 27456 0 3
571 4362 -2921 310 27451 0 3
571 2808 6147 86 27440 0 6
571 2746 6268 78 27432 0 4
571 4301 -2951 318 27425 0 2
571 4379 -2922 310 27423 0 3
571 4378 1878 162 27418 0 6
571 3998 -3189 282 27416 0 2
571 4266 -3043 320 27414 0 6
571 4266 -3050 319 27413 0 3
571 3997 -945 106 27412 0 3
571 4428 -2488 247 27409 0 6
571 4834 -5156 5 27408 0 2
571 2708 -174 139 27406 0 6
571 2885 -301 113 27405 0 5
571 3997 -973 106 27403 0 0
571 4033 -850 117 27401 0 4
571 2890 -289 107 27400 0 2
571 3419 -2812 201 27391 0 5
571 3275 -2213 118 27388 0 2
571 2090 5311 20 27385 0 6
571 4685 -541 171 27382 0 2
571 2796 -452 119 27379 0 2
571 2810 -263 134 27378 0 4
571 2877 -378 113 27376 0 4
571 3709 -865 163 27375 0 1
571 4587 -617 161 27367 0 1
571 2279 5249 12 27365 0 5
571 2092 5312 20 27364 0 1
571 4522 1828 165 27363 0 1
571 4523 1836 165 27362 0 4
571 4379 1313 150 27360 0 1
571 4415 1842 165 27358 0 5
571 4156 -2964 284 27354 0 6
571 3432 -1248 126 27351 0 1
571 3217 -693 168 27349 0 0
571 3429 -1266 126 27348 0 2
571 3425 -1262 126 27347 0 5
571 3020 -1472 59 27342 0 2
571 3218 -676 175 27337 0 4
571 3615 -1324 113 27336 0 4
571 3688 -1135 121 27335 0 1
571 4153 -1274 201 27334 0 1
571 4047 -1155 132 27330 0 1
571 4675 -3873 331 27328 0 1
571 3667 -1188 103 27319 0 3
571 3701 -697 216 27317 0 5
571 3633 -1272 113 27315 0 4
571 3811 -812 199 27314 0 2
571 3620 5898 175 27302 0 3
571 3649 5875 175 27301 0 5
571 3641 5910 175 27300 0 1
571 3462 143 52 27294 0 2
571 2793 -2506 48 27292 0 0
571 3667 -1241 117 27289 0 1
571 3758 -1210 126 27288 0 3
571 3702 -1158 123 27287 0 4
571 3676 -1188 122 27286 0 0
571 3752 -1150 204 27285 0 5
571 3733 -34 59 27279 0 2
571 3418 -2795 202 27277 0 2
571 3722 -845 165 27272 0 5
571 3209 -633 161 27267 0 4
571 3251 -2276 109 27266 0 5
571 3603 -3259 224 27263 0 5
571 2932 -2569 85 27260 0 5
571 2746 75 4 27255 0 1
571 2841 -8 2 27254 0 6
571 2752 836 6 27251 0 5
571 2629 8 27 27249 0 0
571 2752 88 23 27244 0 4
571 3209 -679 168 27243 0 6
571 2748 -176 140 27236 0 4
571 2939 -334 115 27234 0 1
571 2536 -455 2 27233 0 6
571 2436 -403 8 27232 0 0
571 2905 -1220 6 27225 0 3
571 3031 -1004 13 27224 0 5
571 2904 -771 58 27220 0 2
571 2849 -555 96 27213 0 3
571 2876 -386 113 27211 0 3
571 2662 -360 145 27210 0 0
571 2883 -287 107 27209 0 5
571 2775 -196 139 27207 0 1
571 4634 -4867 37 27199 0 0
571 2915 4075 3 27195 0 5
571 3013 4065 28 27194 0 1
571 2960 4123 30 27193 0 6
571 3242 -726 175 27191 0 3
571 2892 4079 3 27190 0 6
571 2875 4051 5 27189 0 0
571 2953 3981 2 27186 0 1
571 2743 900 5 27185 0 0
571 2754 900 7 27184 0 3
571 2781 912 23 27183 0 5
571 2751 906 7 27181 0 4
571 4826 -1263 170 27180 0 6
571 2804 905 23 27178 0 2
571 3448 -5201 270 27177 0 1
571 2806 936 23 27176 0 3
571 2778 928 23 27174 0 5
571 3226 -728 169 27172 0 3
571 4627 -23 70 27171 0 5
571 788 -2862 3 27167 0 3
571 3334 2501 -16 27165 0 0
571 3801 -686 223 27164 0 2
571 3699 -1152 123 27163 0 1
571 3792 -835 213 27162 0 4
571 3741 -807 180 27160 0 4
571 3880 -801 222 27158 0 2
571 3691 -736 214 27156 0 6
571 3774 -783 196 27155 0 4
571 802 -2949 7 27151 0 2
571 736 -2936 8 27150 0 6
571 750 -2950 9 27149 0 1
571 703 -2933 -3 27148 0 0
571 816 -2950 8 27146 0 1
571 3590 5953 137 27141 0 0
571 3660 5885 175 27140 0 3
571 3639 5884 141 27137 0 1
571 3308 -2327 110 27134 0 3
571 3318 -2298 111 27133 0 3
571 3318 -2317 111 27132 0 4
571 3480 2008 65 27119 0 3
571 3124 -2564 56 27118 0 2
571 3168 -2579 55 27117 0 1
571 3577 -5125 168 27113 0 6
571 2319 6367 45 27108 0 1
571 2525 6560 40 27107 0 5
571 3608 -1443 109 27105 0 1
571 3271 -2197 118 27102 0 4
571 3411 -2802 212 27089 0 1
571 4500 5697 82 27074 0 3
571 3461 -2803 203 27072 0 0
571 3416 -2755 200 27070 0 1
571 3434 -2818 202 27068 0 3
571 4510 5703 82 27067 0 1
571 3407 -2789 202 27066 0 5
571 2482 6451 43 27064 0 3
571 4507 5722 82 27063 0 3
571 4953 833 193 27061 0 2
571 3474 2011 66 27060 0 1
571 4502 5758 82 27058 0 3
571 3476 1979 65 27057 0 1
571 3482 2006 65 27056 0 5
571 3480 1979 66 27053 0 1
571 3478 2007 65 27052 0 5
571 3474 1985 65 27051 0 0
571 3572 6660 196 27046 0 6
571 3616 -717 216 27044 0 5
571 3643 -715 215 27042 0 6
571 3697 -903 176 27041 0 3
571 3657 -723 216 27039 0 1
571 3686 -905 166 27038 0 0
571 3238 -2268 116 27037 0 1
571 3239 -656 167 27035 0 2
571 3237 -722 175 27033 0 6
571 3254 -710 168 27032 0 4
571 3251 -683 168 27031 0 4
571 3253 -688 168 27030 0 3
571 3253 -685 169 27029 0 0
571 3261 -631 166 27028 0 3
571 3214 -684 168 27027 0 6
571 3214 -674 168 27026 0 1
571 3255 -700 168 27025 0 3
571 4601 -5709 185 27024 0 4
571 3846 1580 87 27021 0 4
571 4585 -5709 156 27020 0 4
571 4590 -5712 185 27018 0 1
571 2882 6227 209 27015 0 4
571 2863 6234 105 27014 0 4
571 2119 5245 20 27012 0 1
571 2359 5238 8 27011 0 3
571 2263 5204 12 27010 0 3
571 4159 -152 66 27009 0 3
571 2927 -93 80 27008 0 0
571 3613 -122 60 27007 0 5
571 4523 -430 82 27005 0 3
571 3682 -486 159 27003 0 1
571 2117 5261 20 27001 0 5
571 2137 5253 20 27000 0 4
571 2121 5259 20 26997 0 4
571 2142 5252 20 26995 0 5
571 2136 5237 20 26994 0 1
571 2346 5238 8 26992 0 6
571 2148 5251 20 26990 0 4
571 2338 5275 8 26988 0 5
571 2132 5239 20 26987 0 1
571 3832 1486 93 26985 0 1
571 3511 261 48 26983 0 0
571 2848 6171 105 26982 0 2
571 2772 6223 84 26981 0 5
571 4359 986 93 26979 0 2
571 4567 15 79 26978 0 6
571 2822 6192 105 26977 0 1
571 2854 6117 84 26976 0 5
571 3493 1990 65 26973 0 0
571 2819 6151 86 26972 0 2
571 4066 -4132 212 26971 0 0
571 2853 6155 105 26968 0 6
571 4667 -1403 167 26965 0 2
571 1875 -6216 36 26963 0 1
571 1946 -6194 24 26962 0 1
571 1873 -6213 36 26961 0 0
571 1961 -6145 26 26960 0 5
571 1936 -6198 25 26959 0 2
571 1923 -6139 20 26955 0 4
571 1875 -6132 24 26953 0 3
571 1967 -6158 25 26951 0 1
571 3875 -4501 215 26950 0 4
571 2820 6157 105 26945 0 4
571 3841 -4523 211 26944 0 6
571 4819 -1360 169 26942 0 0
571 2799 6189 106 26941 0 3
571 2809 6206 105 26938 0 1
571 4685 -4012 214 26932 0 1
571 3671 1050 57 26926 0 5
571 4841 -4761 33 26924 0 2
571 3987 -5244 8 26923 0 1
571 4486 -4653 78 26920 0 2
571 599 -4919 30 26916 0 5
571 549 -5022 11 26913 0 2
571 538 -5019 11 26912 0 1
571 555 -5020 12 26911 0 1
571 576 -4950 19 26910 0 3
571 608 -4923 18 26908 0 3
571 533 -5006 11 26907 0 6
571 1459 -3271 167 26900 0 4
571 4811 -3907 189 26891 0 4
571 3051 1384 112 26887 0 1
571 4320 -4984 21 26886 0 6
571 3821 -5152 120 26885 0 3
571 4322 -4991 21 26884 0 2
571 3814 -5153 120 26883 0 2
571 3448 -2754 200 26880 0 5
571 4583 -4254 183 26876 0 1
571 3411 -2781 203 26875 0 4
571 3018 1332 127 26873 0 1
571 4384 957 87 26870 0 6
571 3212 -2318 110 26869 0 6
571 3201 -2302 108 26868 0 1
571 4915 -4813 33 26867 0 3
571 3218 -2039 88 26864 0 4
571 3273 -2198 118 26863 0 4
571 3269 -2196 118 26862 0 5
571 4340 980 92 26859 0 5
571 4118 -5251 11 26855 0 3
571 3785 1579 90 26854 0 3
571 3877 -4523 218 26853 0 2
571 3645 244 53 26851 0 6
571 4938 1165 240 26850 0 6
571 3446 4088 17 26847 0 2
571 4360 -98 111 26841 0 3
571 3264 -2226 118 26839 0 4
571 3887 1038 147 26838 0 1
571 3441 2015 69 26837 0 6
571 3161 786 104 26836 0 1
571 3170 2445 41 26832 0 0
571 3184 2443 39 26828 0 6
571 1619 -4845 127 26827 0 0
571 1561 -4971 144 26825 0 1
571 1569 -4936 144 26823 0 5
571 4497 -4663 78 26820 0 3
571 4079 5249 25 26817 0 5
571 3207 2118 22 26816 0 3
571 4905 -4759 28 26814 0 2
571 3876 1598 91 26810 0 3
571 3858 5419 46 26808 0 1
571 4169 5408 48 26807 0 4
571 4669 -4869 36 26806 0 3
571 4210 5443 58 26804 0 1
571 4579 -4869 48 26795 0 2
571 4599 -4877 49 26787 0 6
571 3685 -930 81 26780 0 2
571 3928 2160 156 26771 0 0
571 4112 2288 155 26770 0 4
571 3935 2228 126 26769 0 3
571 3458 4156 18 26720 0 0
571 3429 4138 18 26718 0 5
571 3076 -8 79 26711 0 4
571 3469 4175 18 26709 0 4
571 4330 -2498 241 26708 0 6
571 4524 -3473 229 26701 0 1
571 4524 -3473 229 26700 0 1
571 3873 -4545 210 26680 0 3
571 4293 -2517 240 26679 0 2
571 4705 562 124 26677 0 2
571 4784 -2030 230 26664 0 5
571 1673 -4417 181 26663 0 5
571 3678 2153 36 26662 0 0
571 4703 557 124 26661 0 3
571 4699 542 121 26660 0 4
571 2545 5222 38 26658 0 4
571 4046 2211 152 26654 0 6
571 3867 1591 90 26652 0 3
571 4700 541 121 26647 0 4
571 3621 -3321 226 26646 0 6
571 4154 5347 30 26645 0 1
571 4915 -3839 339 26644 0 3
571 3679 2040 85 26643 0 6
571 4178 5255 27 26619 0 1
571 3765 1619 88 26618 0 6
571 3695 1413 98 26615 0 6
571 3987 2235 165 26607 0 2
571 3713 2144 54 26606 0 4
571 3825 -1992 209 26604 0 5
571 3827 1563 87 26603 0 5
571 4127 5310 29 26602 0 2
571 4120 5344 30 26601 0 2
571 4135 5282 26 26599 0 1
571 4114 5263 26 26598 0 1
571 4179 5278 27 26596 0 2
571 2747 869 8 26595 0 2
571 4323 -3694 264 26589 0 0
571 3758 1557 88 26585 0 2
571 3846 -4536 210 26584 0 0
571 3837 1542 90 26581 0 5
571 3828 1574 87 26580 0 1
571 5164 1054 221 26575 0 3
571 3867 1545 90 26572 0 3
571 4560 -1941 161 26570 0 6
571 3824 1596 87 26568 0 5
571 2651 889 5 26557 0 6
571 2840 4020 5 26556 0 1
571 2236 5130 6 26549 0 1
571 595 -5105 6 26547 0 1
571 4243 -2036 239 26543 0 1
571 1975 -6095 68 26540 0 4
571 7248 1453 322 26525 0 4
571 3300 -753 171 26523 0 4
571 4992 -4748 213 26522 0 2
571 2509 1206 4 26521 0 6
571 3896 -1968 210 26516 0 1
571 4985 -4693 220 26514 0 2
571 2673 1011 -40 26511 0 1
571 3762 1587 88 26509 0 6
571 3757 1548 88 26504 0 5
571 -180 -3557 2 26503 0 5
571 3328 2274 34 26501 0 4
571 3386 -1805 116 26500 0 5
571 3360 2637 40 26496 0 2
571 4117 -4725 101 26494 0 6
571 4113 -4739 101 26484 0 3
571 4600 654 113 26483 0 5
571 4062 529 54 26480 0 4
571 4911 320 139 26473 0 0
571 4529 -4441 187 26470 0 6
571 4665 -4606 209 26468 0 1
571 4709 698 119 26467 0 4
571 3503 1997 65 26459 0 2
571 4558 -1927 161 26458 0 0
571 3462 1990 65 26456 0 0
571 1489 5596 -64 26452 0 5
571 1485 5407 39 26451 0 2
571 1884 5897 -5 26449 0 3
571 3448 -1822 111 26446 0 3
571 2773 931 23 26440 0 0
571 3902 1734 118 26437 0 5
571 3406 -4495 233 26436 0 1
571 3680 2875 92 26435 0 0
571 3566 -3898 200 26428 0 6
571 4556 1269 205 26426 0 2
571 3846 -1966 209 26424 0 3
571 3827 -1970 209 26422 0 0
571 4353 -4933 30 26418 0 3
571 5127 -4916 300 26417 0 4
571 4076 -4387 261 26416 0 3
571 3835 1572 87 26415 0 2
571 3728 -4971 133 26414 0 0
571 3782 2735 119 26413 0 5
571 3046 1576 158 26411 0 3
571 3266 -5090 323 26408 0 5
571 3655 -5180 144 26407 0 4
571 3288 -5115 301 26406 0 6
571 2772 4692 42 26403 0 3
571 3774 2777 110 26402 0 0
571 4555 -4211 171 26392 0 4
571 4029 -4327 253 26389 0 1
571 4532 -4208 171 26388 0 0
571 4532 -4182 174 26387 0 0
571 4532 -4213 171 26382 0 0
571 3847 1486 93 26381 0 2
571 3842 1487 93 26379 0 2
571 4585 -4212 179 26377 0 5
571 4535 -4250 171 26374 0 1
571 4590 -4212 179 26371 0 4
571 3345 2504 -6 26370 0 3
571 3762 -3218 284 26366 0 0
571 4549 -4255 171 26361 0 2
571 5151 493 191 26359 0 3
571 5160 628 176 26358 0 3
571 3978 -3756 152 26357 0 4
571 5042 -4818 220 26348 0 3
571 3321 -5113 323 26347 0 6
571 2904 1471 157 26344 0 2
571 3192 1452 151 26336 0 3
571 4716 -4445 194 26335 0 2
571 3041 1887 129 26321 0 1
571 4036 7089 168 26297 0 4
571 5001 292 157 26291 0 1
571 3671 1069 135 26286 0 4
571 4753 -4454 198 26284 0 5
571 3617 -157 60 26283 0 1
571 3445 -7 65 26273 0 1
571 3656 133 44 26272 0 0
571 3556 560 68 26271 0 4
571 4933 -4562 220 26270 0 1
571 4956 -4642 220 26268 0 2
571 2713 4672 4 26266 0 0
571 4144 7387 731 26265 0 1
571 4973 -4729 220 26264 0 2
571 5346 -4722 305 26261 0 3
571 4886 -4548 349 26260 0 3
571 3296 2504 57 26257 0 6
571 2842 5224 14 26252 0 2
571 2710 952 1 26245 0 5
571 4559 -4190 174 26236 0 1
571 4562 -4190 174 26235 0 2
571 4608 -4227 179 26234 0 3
571 4604 -4226 179 26233 0 6
571 2795 922 23 26228 0 5
571 2954 4673 -48 26219 0 1
571 4598 -4230 179 26212 0 3
571 3279 3762 25 26202 0 6
571 3015 1043 107 26200 0 1
571 3369 1033 142 26199 0 3
571 2905 846 27 26197 0 5
571 2776 934 23 26194 0 5
571 3300 3683 33 26185 0 1
571 3855 1532 90 26183 0 2
571 3771 2913 91 26181 0 4
571 3713 2833 90 26180 0 4
571 3320 3690 33 26172 0 4
571 3302 3685 33 26171 0 4
571 3296 3682 33 26170 0 2
571 3437 4057 19 26158 0 5
571 3853 7111 196 26127 0 3
571 4188 4603 12 26126 0 3
571 4053 3517 116 26115 0 3
571 4491 5716 82 26112 0 3
571 2483 5205 31 26098 0 2
571 3739 3567 375 26093 0 4
571 4112 3735 92 26076 0 4
571 3411 4128 19 26048 0 6
571 2795 6247 85 26047 0 4
571 3402 4135 19 26045 0 6
571 2789 6241 85 26044 0 5
571 2770 6188 84 26043 0 6
571 3482 4100 18 26041 0 0
571 3377 5739 71 25995 0 2
571 2798 5276 22 25986 25703 2
571 3519 4864 16 25984 0 4
571 3479 4095 18 25983 0 2
571 3981 5472 29 25881 0 5
571 3949 5461 28 25880 0 5
571 3731 5143 25 25862 0 2
571 3806 5502 42 25850 0 1
571 3477 4105 18 25849 0 4
571 2764 5237 31 25843 0 4
571 3569 4783 1 25841 0 1
571 2752 5197 30 25839 0 3
571 2781 5238 39 25838 0 4
571 2832 5344 67 25829 0 0
571 2140 5312 16 25828 0 4
571 2254 5164 2 25827 0 6
571 2251 5399 2 25825 0 3
571 3190 5293 61 25819 0 6
571 2223 5325 11 25816 0 5
571 3203 5266 49 25810 0 1
571 3303 5695 61 25804 0 4
571 3955 5478 36 25802 0 5
571 3436 5127 14 25793 0 3
571 3332 5094 14 25791 0 4
571 2511 5912 -25 25789 0 0
571 3652 5897 175 25785 0 4
571 3212 6092 139 25784 0 5
571 2041 6406 49 25774 0 2
571 4178 5365 29 25765 0 2
571 3024 4909 1 25764 0 3
571 2799 6066 76 25761 0 6
571 3001 4571 3 25760 0 1
571 3902 4904 -12 25758 0 5
571 3860 4364 13 25739 0 4
571 3435 5890 152 25733 0 4
571 3748 6884 156 25728 0 5
571 3437 5916 146 25727 0 3
571 3281 4630 31 25726 0 2
571 3944 6810 155 25719 0 6
571 3769 6642 152 25718 0 1
571 4056 6991 165 25717 0 4
571 4114 6996 166 25716 0 3
571 3761 7180 163 25712 0 5
571 3787 6819 151 25707 0 4
571 3713 4003 25 25701 0 5
571 3759 4163 26 25699 0 4
571 4304 4604 28 25684 0 2
571 4423 4561 106 25682 0 3
571 3042 5280 59 25680 0 5
571 4392 4555 89 25678 0 2
571 2765 6552 52 25669 0 0
571 3647 4552 -20 25665 0 3
571 4043 4690 -2 25660 0 3
571 4416 4548 25 25658 0 3
571 2494 5461 31 25651 0 5
571 2608 5378 33 25650 0 6
571 3106 6535 81 25624 0 0
571 2492 5325 34 25623 0 2
571 3785 4700 -12 25622 0 0
571 3483 4677 -12 25619 0 2
571 3107 6547 81 25618 0 0
571 2489 5227 31 25617 0 2
571 1340 5571 13 25613 0 1
571 2905 6488 80 25609 0 4
571 3990 4259 27 25606 0 0
571 2250 5273 4 25605 0 1
571 3990 4264 27 25604 0 5
571 3482 4115 19 25602 0 3
571 3793 3602 372 25601 0 4
571 2856 6549 65 25600 0 6
571 4178 5283 40 25590 0 2
571 3267 6157 73 25585 0 1
571 3393 6161 90 25584 0 2
571 1845 5773 1 25522 0 2
571 1803 5980 1 25521 0 3
571 1410 5725 24 25520 0 6
571 2523 6838 1 25513 0 1
571 3019 6781 4 25511 0 1
571 3042 6742 4 25510 0 0
571 2887 6732 33 25504 0 2
571 2627 5772 101 25498 0 1
571 2988 6743 11 25496 0 2
571 2030 6064 43 25489 0 3
571 2011 6029 38 25488 0 5
571 3636 5900 151 25480 0 4
571 2584 6849 11 25479 0 2
571 4193 5217 26 25477 0 3
571 2811 6725 9 25475 0 5
571 2971 5471 61 25470 0 5
571 2334 6410 44 25469 0 5
571 2844 5709 52 25468 0 4
571 2697 5623 41 25467 0 5
571 2235 6482 77 25466 0 4
571 2418 6456 55 25465 0 0
571 2582 5610 42 25464 0 4
571 2758 6134 209 25459 0 2
571 3939 4041 50 25454 0 5
571 2712 5990 32 25451 0 1
571 3563 5534 29 25449 0 3
571 3647 5683 67 25448 0 4
571 2727 6086 74 25446 0 3
571 2942 6219 61 25445 0 2
571 2866 5537 58 25440 0 4
571 2721 6083 71 25439 0 0
571 2876 6385 94 25438 0 1
571 2884 6375 96 25437 0 0
571 4438 5379 -19 25430 0 6
571 4537 5178 72 25429 0 2
571 4467 5408 100 25428 0 5
571 2807 6050 78 25426 0 1
571 4546 5333 -30 25425 0 4
571 4322 5653 94 25417 0 3
571 4302 5644 96 25416 0 0
571 2963 6188 62 25405 0 5
571 2879 6276 61 25404 0 3
571 2716 6021 32 25403 0 1
571 2657 6171 39 25402 0 2
571 2152 5303 16 25395 0 3
571 2782 6082 78 25394 0 0
571 3883 3717 47 25393 0 1
571 3860 3394 68 25386 0 3
571 3879 5717 67 25384 0 4
571 2879 5567 57 25381 0 6
571 2868 5563 57 25380 0 4
571 2805 6051 78 25379 0 1
571 3842 3726 48 25378 0 6
571 3897 3773 53 25377 0 1
571 4508 5686 82 25374 0 6
571 3624 5952 209 25364 0 0
571 2801 6063 76 25362 0 5
571 2807 6071 76 25361 0 4
571 3557 5471 32 25355 0 4
571 3852 5748 69 25350 0 4
571 4075 5773 68 25343 0 2
571 4052 5827 77 25342 0 4
571 4139 5779 60 25336 0 6
571 2801 6735 8 25334 0 4
571 2336 6429 45 25333 0 0
571 2897 6260 62 25328 0 4
571 2770 6074 78 25327 0 4
571 4493 5710 82 25326 0 4
571 3697 5617 34 25321 0 4
571 2290 5240 12 25317 0 6
571 3298 6150 74 25316 0 2
571 2404 5389 3 25313 0 5
571 4125 6271 29 25309 0 0
571 2300 5236 12 25307 0 3
571 2106 5301 35 25301 0 1
571 2238 5240 22 25299 0 4
571 2360 5203 8 25297 0 3
571 3660 4789 -13 25295 0 3
571 2702 6255 40 25294 0 4
571 3511 5442 55 25292 0 4
571 3615 5978 137 25291 0 4
571 2796 6140 209 25289 0 4
571 2922 6245 209 25288 0 3
571 2802 6131 209 25286 0 2
571 2113 5309 35 25285 0 3
571 2341 5200 8 25281 0 4
571 2740 6146 78 25280 0 4
571 2803 6154 85 25278 0 4
571 2847 6110 84 25277 0 3
571 2791 6158 85 25275 0 4
571 2767 6175 84 25274 0 2
571 2282 5205 13 25261 0 1
571 2283 5181 12 25260 0 4
571 2280 5206 13 25258 0 1
571 4895 1272 225 25257 0 3
571 2349 5227 8 25253 0 6
571 2271 5185 21 25251 0 6
571 2106 5303 35 25250 0 1
571 2794 6165 86 25247 0 5
571 2282 5210 13 25245 0 4
571 2826 6204 86 25243 0 4
571 2341 5260 8 25241 0 4
571 2349 5277 8 25240 0 3
571 2352 5269 8 25239 0 3
571 2838 6187 85 25237 0 4
571 2336 5266 8 25235 0 4
571 2242 5278 12 25234 0 3
571 1247 -3341 200 25233 0 3
571 -12 -4883 297 25232 0 6
571 14 -4983 304 25231 0 1
571 -84 -5012 307 25229 0 3
571 2400 5374 3 25228 0 3
571 2481 5379 30 25227 0 2
571 2301 5240 12 25222 0 3
571 2119 5323 26 25220 0 1
571 4013 6396 29 25208 0 5
571 4367 6090 1 25206 0 1
571 4407 6152 1 25205 0 4
571 4404 6213 -2 25204 0 1
571 4370 6104 1 25199 0 5
571 4394 6137 1 25198 0 6
571 4981 1198 228 25194 0 4
571 5847 554 656 25058 0 1
571 126 -3699 1 25026 0 3
571 19 -3924 20 24992 0 6
571 2 -3992 10 24973 0 1
571 112 -3701 2 24956 0 1
571 4181 4074 98 24954 0 3
571 342 -3861 6 24914 0 4
571 20 -3942 4 24913 0 6
571 2641 -3212 153 24901 0 3
571 594 -2795 1 24896 0 4
571 -109 -5144 325 24890 0 2
571 14 -4984 304 24889 0 2
571 102 -4839 307 24884 0 1
571 16 -4980 319 24883 0 1
571 -81 -4997 312 24880 0 2
571 6281 -1317 428 24879 0 5
571 18 -4982 310 24876 0 3
571 -103 -5128 328 24872 0 0
571 -54 -5012 312 24871 0 1
571 3291 -4701 293 24863 0 5
571 315 -5723 97 24847 0 3
571 317 -5724 97 24845 0 3
571 256 -5891 84 24832 0 1
571 159 -5823 8 24829 0 6
571 281 -5761 269 24826 0 6
571 467 -5921 310 24820 0 3
571 1231 -6102 253 24811 0 1
571 744 -2884 8 24810 0 5
571 476 -5935 309 24807 0 1
571 3575 5960 136 24795 0 0
571 620 -3377 69 24789 0 2
571 319 -6023 247 24787 0 2
571 126 -3364 2 24786 0 1
571 -94 -3682 13 24784 0 1
571 534 -5720 292 24779 0 1
571 3742 6771 193 24770 0 1
571 418 -4640 244 24768 0 0
571 739 -2931 8 24763 0 0
571 820 -2911 8 24755 0 2
571 738 -2924 8 24754 0 6
571 499 -5948 315 24752 0 5
571 498 -5948 315 24750 0 5
571 726 -5882 304 24747 0 6
571 -32 -3443 5 24742 0 3
571 3523 4216 13 24730 0 1
571 468 -5923 310 24719 0 5
571 489 -5920 309 24718 0 3
571 480 -5929 309 24717 0 1
571 -237 -3573 16 24714 0 3
571 -257 -3573 20 24713 0 6
571 3462 4193 19 24709 0 1
571 807 -5344 191 24701 0 2
571 1031 -5057 11 24694 0 3
571 457 -3140 27 24681 0 4
571 532 -3454 13 24678 0 2
571 507 -3132 26 24677 0 6
571 338 -3169 26 24673 0 6
571 1917 5820 16 24662 0 3
571 892 -5508 195 24647 0 5
571 833 -5336 204 24644 0 5
571 -120 -3597 3 24642 0 5
571 2440 -4664 227 24638 0 6
571 965 -5035 6 24635 0 4
571 1224 -5293 180 24634 0 6
571 -86 -3444 34 24633 0 3
571 -119 -3610 1 24629 0 3
571 4156 5418 30 24614 0 5
571 3344 5472 61 24613 0 6
571 3842 4643 -12 24566 0 1
571 3722 4718 -13 24563 0 0
571 2654 6254 63 24562 0 1
571 688 -5468 239 24548 0 4
571 1709 -2812 4 24546 0 5
571 2311 -2515 4 24544 0 3
571 -131 -3532 4 24543 0 3
571 -135 -3572 4 24541 0 4
571 2414 -2772 6 24540 0 2
571 -150 -3517 4 24539 0 5
571 1023 -5458 188 24538 0 3
571 -112 -3558 4 24537 0 3
571 2447 -5099 276 24535 0 1
571 2456 -5094 282 24534 0 4
571 889 -5191 190 24533 0 6
571 2481 -5072 285 24531 0 6
571 -135 -3554 3 24525 0 0
571 1942 -3474 141 24517 0 5
571 2247 -3056 136 24516 0 4
571 2455 -5273 334 24514 0 5
571 1392 -3250 162 24494 0 4
571 1019 -4838 -1 24475 0 2
571 1635 -5371 193 24474 0 6
571 2061 -3237 57 24473 0 3
571 1653 -5396 191 24467 0 6
571 2217 -2537 4 24461 0 5
571 1945 -2761 4 24460 0 5
571 2221 -2541 3 24459 0 5
571 2084 -3205 127 24454 0 1
571 2024 -3329 156 24440 0 1
571 2089 -3263 83 24439 0 0
571 4913 -4798 33 24405 0 4
571 2100 -3275 89 24401 0 2
571 2089 -3294 101 24399 0 0
571 2691 -4303 292 24390 0 4
571 2129 -2980 149 24359 0 3
571 1409 -3196 162 24356 0 4
571 1970 -6142 26 24349 0 4
571 1873 -6199 24 24348 0 0
571 2114 -5744 221 24345 0 6
571 1887 -6188 24 24342 0 1
571 1889 -6207 24 24341 0 2
571 2125 -5742 221 24335 0 1
571 2180 -5747 226 24334 0 3
571 1442 -3256 168 24333 0 4
571 2422 -5164 278 24328 0 1
571 1057 -4909 17 24327 0 3
571 910 -5554 193 24323 0 5
571 916 -5541 190 24322 0 4
571 906 -5577 202 24321 0 1
571 2097 -2973 147 24317 0 3
571 1073 -5029 10 24314 0 5
571 2133 -2990 149 24313 0 2
571 1368 -3180 154 24284 0 2
571 2764 -3097 111 24277 0 3
571 899 -4870 -55 24272 0 6
571 141 -5872 7 24271 0 0
571 2461 -3211 150 24262 0 6
571 2888 -3193 123 24261 0 2
571 796 -4722 -90 24260 0 2
571 783 -4738 -84 24258 0 4
571 2645 -4353 278 24256 0 3
571 808 -4696 -95 24255 0 4
571 776 -4746 -95 24254 0 1
571 488 -4644 248 24252 0 5
571 442 -4638 247 24251 0 2
571 894 -4854 -72 24250 0 3
571 1059 -4917 11 24248 0 3
571 1564 -5296 203 24238 0 5
571 2626 -4355 278 24236 0 1
571 2883 -4583 274 24228 0 3
571 1956 -3225 154 24227 0 4
571 934 -4857 -72 24226 0 3
571 811 -4710 -95 24221 0 1
571 2132 -2967 149 24218 0 4
571 834 -4707 -94 24216 0 4
571 1913 -5625 216 24212 0 1
571 2487 -3279 147 24210 0 1
571 2136 -3288 153 24209 0 0
571 2016 -5149 210 24206 0 0
571 1025 -4416 169 24199 0 3
571 954 -4484 155 24198 0 2
571 1946 -3211 148 24197 0 3
571 2265 -4854 239 24196 0 3
571 2145 -3297 147 24195 0 6
571 1484 -5238 246 24194 0 2
571 1520 -5451 217 24193 0 4
571 598 -5011 4 24191 0 6
571 2127 -3282 153 24186 0 2
571 2637 -5050 296 24178 0 2
571 2486 -5037 283 24176 0 1
571 866 -4866 2 24174 0 1
571 1069 -4892 41 24172 0 4
571 1135 -5015 170 24169 0 1
571 405 -4594 243 24168 0 4
571 1501 -5607 227 24162 0 6
571 967 -4904 20 24158 0 2
571 419 -4606 242 24157 0 2
571 437 -4544 246 24154 0 4
571 2129 -2996 149 24152 0 2
571 949 -4840 -69 24150 0 2
571 451 -4634 247 24148 0 2
571 420 -4529 247 24147 0 5
571 1005 -4821 3 24145 0 3
571 2658 -4399 284 24142 0 0
571 427 -4527 247 24141 0 5
571 2438 -5182 278 24139 0 0
571 2439 -5186 278 24131 0 0
571 2684 -4302 291 24129 0 5
571 1948 -6147 25 24126 0 3
571 2637 -4382 284 24123 0 0
571 917 -4977 4 24122 0 1
571 1708 -4108 285 24119 0 2
571 1673 -4108 277 24118 0 0
571 2196 -5105 237 24117 0 1
571 1140 -5001 34 24115 0 4
571 1132 -4995 33 24114 0 2
571 1136 -5006 34 24112 0 4
571 341 -4608 239 24104 0 3
571 1875 -4178 214 24102 0 1
571 1982 -4201 212 24100 0 2
571 1962 -4037 218 24098 0 6
571 1633 -4245 307 24094 0 4
571 1659 -4006 305 24093 0 5
571 1795 -4222 298 24092 0 2
571 932 -4956 3 24090 0 2
571 1049 -4893 12 24089 0 5
571 1911 -4038 272 24087 0 1
571 1058 -5059 11 24086 0 4
571 819 -4963 2 24077 0 0
571 2469 -5065 284 24066 0 3
571 758 -4925 4 24063 0 4
571 2604 -5019 294 24062 0 1
571 2477 -5054 285 24057 0 5
571 2362 -5040 252 24056 0 3
571 2420 -5173 278 24054 0 1
571 2428 -5088 274 24052 0 1
571 754 -4852 6 24051 0 6
571 2434 -5160 277 24050 0 5
571 1822 -6015 8 24044 0 6
571 6132 2761 575 24042 0 4
571 638 -5073 0 24040 0 4
571 1670 -6509 14 24037 0 2
571 2648 -4396 284 24032 0 1
571 2212 -5697 229 24030 0 4
571 2824 -3603 246 24029 0 4
571 2673 -4306 291 24028 0 5
571 2861 -3009 86 24026 0 4
571 1593 -5571 227 24015 0 5
571 2856 -3858 249 24014 0 4
571 1818 -5907 7 24010 0 0
571 1870 -5919 7 24009 0 1
571 932 -5546 187 23994 0 1
571 2738 -3695 222 23993 0 2
571 2832 -3771 256 23992 0 4
571 2727 -3768 230 23989 0 0
571 1444 -3320 169 23986 0 4
571 1451 -3319 171 23985 0 2
571 1548 -6574 14 23983 0 3
571 1432 -3158 165 23976 0 3
571 638 -5013 5 23975 0 3
571 1667 -3424 80 23974 0 5
571 1500 -6193 16 23972 0 1
571 1393 -6413 1 23964 0 1
571 1414 -6349 7 23962 0 1
571 2467 -3183 181 23959 0 3
571 1557 -6183 9 23946 0 1
571 1860 -6183 25 23939 0 1
571 1858 -6184 25 23938 0 1
571 1445 -3264 168 23937 0 2
571 1871 -6184 25 23930 0 1
571 792 -4509 188 23924 0 1
571 1093 -4494 191 23923 0 2
571 988 -4304 171 23922 0 5
571 865 -4329 177 23921 0 5
571 1641 -6194 6 23915 0 1
571 1448 -3172 166 23911 0 2
571 1398 -3203 161 23908 0 5
571 1427 -3150 165 23895 0 4
571 1335 -3148 173 23888 0 0
571 165 -6205 1 23887 0 3
571 241 -6223 2 23886 0 6
571 1620 -6234 7 23885 0 2
571 997 -3820 171 23882 0 6
571 2408 -4663 226 23876 0 5
571 941 -3878 173 23871 0 3
571 1003 -3598 181 23870 0 6
571 1553 -6128 9 23867 0 0
571 1671 -6179 4 23866 0 2
571 1733 -6092 9 23865 0 3
571 1429 -3253 166 23862 0 6
571 1412 -3333 169 23860 0 5
571 1344 -3287 175 23859 0 3
571 1422 -3184 163 23851 0 4
571 1388 -3433 180 23836 0 5
571 1768 -2833 5 23833 0 5
571 1428 -3322 171 23831 0 2
571 30 -3917 16 23826 0 6
571 690 -4979 19 23821 0 6
571 1915 -6177 25 23816 0 2
571 1409 -3063 95 23810 0 4
571 1852 -6154 24 23809 0 4
571 688 -3831 250 23804 0 5
571 1523 -6176 7 23803 0 3
571 673 -5000 7 23801 0 2
571 1590 -6247 7 23793 0 1
571 1340 -6509 -71 23785 0 2
571 623 -5009 4 23783 0 4
571 1859 -6149 24 23780 0 3
571 1965 -6115 29 23779 0 4
571 938 -3846 176 23777 0 2
571 668 -5489 240 23776 0 5
571 1470 -3283 168 23773 0 1
571 2099 -4700 226 23772 0 5
571 1112 -4502 191 23760 0 2
571 1591 -2282 14 23755 0 4
571 2613 -5251 372 23744 0 4
571 520 -4956 31 23739 0 6
571 580 -4924 19 23737 0 5
571 568 -5013 12 23736 0 2
571 544 -4997 11 23735 0 1
571 653 -4960 7 23734 0 3
571 574 -4946 18 23733 0 3
571 599 -4927 18 23731 0 5
571 882 -5136 -75 23730 0 3
571 586 -4951 27 23729 0 6
571 1886 -5520 202 23725 0 6
571 1205 -6174 221 23711 0 1
571 1053 -3748 179 23688 0 1
571 903 -4402 181 23680 0 1
571 2076 -4518 213 23678 0 4
571 2154 -5151 239 23677 0 2
571 337 -5879 268 23675 0 2
571 384 -5773 298 23673 0 0
571 267 -5919 82 23672 0 5
571 1968 -4087 216 23670 0 3
571 1777 -4222 279 23668 0 3
571 1899 -4047 253 23667 0 4
571 1864 -4221 216 23666 0 6
571 1844 -4244 209 23665 0 1
571 1723 -4054 268 23663 0 1
571 1851 -4036 211 23662 0 5
571 1700 -4245 246 23661 0 6
571 837 -4868 2 23660 0 5
571 1031 -4867 10 23658 0 0
571 890 -5502 195 23657 0 5
571 1480 -5349 193 23655 0 6
571 1383 -5340 189 23653 0 3
571 904 -4891 4 23652 0 1
571 950 -4852 6 23651 0 4
571 2072 -2681 1 23645 0 0
571 910 -5406 224 23557 0 5
571 653 -5057 2 23551 0 5
571 641 -5035 3 23549 0 2
571 590 -5101 6 23547 0 5
571 656 -5051 3 23546 0 4
571 3085 1391 131 21223 0 1
571 5698 577 654 20735 0 4
571 1856 -4162 237 20061 0 0
571 4052 4938 -9 19871 0 1
571 2750 6127 209 18378 0 5
571 5135 -2760 288 16570 0 2
571 6046 -2610 303 16509 0 4
571 5798 798 662 16128 0 5
571 3673 -1193 103 1293 0 6
572 1318 1684 38 23193 0 1
574 175 76 75 30531 0 3
574 268 -96 191 29735 0 4
574 53 36 116 28419 0 0
574 229 -14 179 28410 0 4
574 102 -174 175 24864 0 3
574 237 -160 191 24849 0 0
574 112 -40 119 24201 0 2
574 110 -33 119 24200 0 5
574 184 -76 16 24137 0 3
574 96 185 50 24085 0 1
574 127 250 43 24084 0 5
574 341 101 31 24083 0 1
574 348 157 31 24082 0 6
574 265 -74 25 24080 0 1
574 260 -69 25 24079 0 0
574 253 -31 25 24078 0 6
574 234 18 136 24071 0 6
574 233 12 136 24069 0 1
574 322 253 31 23961 0 1
574 102 47 109 23960 0 1
574 214 196 41 23956 0 2
574 243 -334 181 23954 0 5
574 190 218 41 23953 0 5
575 571 -322 111 30871 0 6
575 469 -416 76 30538 0 0
575 297 -346 91 29281 0 5
575 416 -455 76 28368 0 6
575 478 -514 105 28351 0 6
575 370 -335 108 27309 0 0
575 414 -335 108 27308 0 3
575 414 -315 108 27307 0 3
575 371 -314 108 27303 0 0
575 342 -517 105 26893 0 3
575 393 -287 110 26861 0 5
575 421 -454 76 26696 0 4
575 395 -436 76 26694 0 4
575 343 -507 105 26693 0 3
575 323 -453 105 26687 0 3
575 287 -463 105 26686 0 3
575 286 -442 105 26685 0 4
575 263 -463 105 26684 0 2
575 264 -441 105 26683 0 4
575 240 -387 105 26672 0 0
575 240 -386 105 26670 0 0
575 235 -454 105 26669 0 3
575 317 -310 87 26667 0 4
575 459 -326 105 26555 0 6
575 405 -251 105 26554 0 2
575 404 -246 105 26553 0 5
575 317 -243 105 26550 0 4
575 513 -311 111 26536 0 4
576 253 -16 -16 32261 0 0
576 323 -215 -13 30536 0 4
576 447 -219 -14 28231 0 0
576 425 186 -35 27949 0 3
576 425 186 -35 27947 0 3
576 627 -109 -15 26918 0 0
576 389 149 -35 26805 0 3
576 389 149 -35 26803 0 3
576 462 147 -35 26802 0 2
576 390 169 -35 26801 0 5
576 389 149 -35 26800 0 3
576 389 149 -35 26799 0 3
576 425 186 -35 26798 0 3
576 425 186 -35 26796 0 3
576 265 -226 -9 26794 0 6
576 310 -260 -14 26793 0 3
576 364 -209 -14 26792 0 2
576 447 -217 -14 26782 0 0
576 638 -289 -9 26763 0 2
576 641 -196 10 26761 0 0
576 639 -147 -28 26746 0 4
576 594 -183 -27 26737 0 1
576 593 -145 10 26736 0 5
576 645 -106 -15 26735 0 3
576 636 -114 -15 26734 0 3
576 499 89 -16 26731 0 6
576 484 152 -34 26730 0 3
576 555 118 -16 26729 0 0
576 555 120 -16 26728 0 0
576 555 120 -16 26727 0 0
576 302 -6 -15 26723 0 3
576 325 -84 -16 26722 0 1
576 381 17 -16 26716 0 2
578 1114 1115 574 28276 0 2
578 1306 1032 440 28183 0 2
578 936 1064 361 27659 0 6
578 933 1042 361 27658 0 0
578 946 1026 361 27657 0 1
578 1077 1086 656 27656 0 4
578 1177 938 528 27655 0 2
578 948 1046 361 27654 0 0
578 1130 993 433 27641 0 2
578 1017 1202 440 27640 0 6
578 1072 1007 434 27639 0 5
578 1077 1158 407 27638 0 6
578 1104 1129 362 27636 0 2
578 1181 1071 362 27635 0 5
578 1095 1128 362 27633 0 5
578 1286 1070 440 27447 0 4
582 21 2 12 25007 0 3
582 0 4 5 24997 0 5
582 0 -8 5 24996 0 6
582 30 0 17 24456 0 3
585 -25 -482 -22 25960 0 1
585 132 -368 -59 25959 0 4
585 105 -387 -30 25957 0 2
585 39 -372 -59 25956 0 1
585 -10 -591 -63 25955 0 4
585 133 -398 -59 25598 0 2
585 232 -272 -7 25042 0 1
585 197 -273 -8 24848 0 6
585 241 -97 -6 24822 0 4
585 152 -20 -21 24808 0 3
585 224 -271 -7 24781 0 1
585 127 -48 -21 24777 0 2
585 231 -159 -9 24762 0 2
585 244 -162 1 24761 0 3
585 232 -216 -6 24744 0 2
585 242 0 2 24723 0 3
585 226 19 -3 24722 0 2
585 109 -102 -20 24698 0 6
585 122 -155 -21 24697 0 3
585 120 -151 -21 24696 0 4
585 228 23 -3 24689 0 4
585 226 17 -2 24688 0 2
585 119 17 -2 24687 0 0
585 138 0 -2 24686 0 2
585 103 2 -2 24685 0 3
585 122 21 -2 24684 0 5
585 130 -22 -2 24683 0 1
585 148 187 -16 24664 0 5
585 127 16 -20 24560 0 5
585 243 -274 -8 23746 0 2
586 -21 3 5 25055 0 6
586 -22 -3 5 25054 0 6
587 31 0 17 25025 0 3
587 -22 3 5 25024 0 0
587 -37 0 6 25023 0 3
587 21 -1 12 25022 0 3
587 -21 -3 5 25021 0 6
588 10 3 12 25018 0 3
588 6 9 12 25017 0 2
588 -11 7 7 25016 0 3
588 34 0 19 25015 0 3
588 -1 -9 7 25014 0 3
588 0 10 7 25013 0 3
588 19 -8 13 25011 0 5
588 25 7 17 25009 0 4
589 -5 -11 -17 25081 0 5
589 -5 -5 -17 25080 0 2
589 10 -12 -23 24935 0 3
589 9 -4 -23 24934 0 3
589 8 -11 -17 24931 0 5
589 -17 -8 -15 24930 0 3
589 9 -5 -23 24929 0 2
589 -2 -8 -23 24927 0 3
589 -10 -12 -16 24926 0 6
589 -1 -10 -23 24924 0 0
590 -5 -5 -17 25107 0 2
590 -5 -11 -17 25106 0 5
590 -10 -8 -17 25105 0 3
590 -1 -8 -23 25104 0 3
590 8 -12 -17 25103 0 2
590 -11 -3 -16 25102 0 2
590 8 -4 -17 25101 0 5
590 0 -6 -23 25100 0 4
591 -5 -5 -17 25083 0 1
591 -5 -11 -17 25079 0 4
591 -20 -8 -14 25077 0 3
591 -3 -8 -23 25076 0 2
591 5 -8 -17 25074 0 6
591 8 -11 -17 25072 0 1
591 7 -5 -17 25071 0 5
591 -9 -8 -17 25070 0 3
593 6 0 15 25111 0 3
593 -11 7 7 25097 0 3
593 9 9 12 25095 0 2
593 34 0 19 25094 0 3
593 16 -6 12 25093 0 2
593 34 4 18 25078 0 6
595 2331 1276 133 32273 0 4
595 2266 1147 139 31127 0 5
595 2147 1341 133 31126 0 6
595 2104 1378 134 31057 0 6
595 2372 1200 135 31028 0 3
595 2205 1284 135 31027 0 2
595 2296 1209 141 31025 0 6
595 1569 622 100 31024 0 0
595 2268 1145 139 31023 0 2
595 2377 1162 133 31022 0 2
595 2224 1135 140 31021 0 6
595 2323 1143 136 31020 0 1
595 2150 1339 133 31019 0 2
595 2145 1246 135 31018 0 0
595 1561 587 100 31017 0 1
595 2415 1113 148 30994 0 2
595 1567 623 100 30574 0 4
595 1565 624 100 30573 0 4
595 2147 1257 135 30570 0 1
595 1554 573 108 30565 0 1
595 1563 593 100 30561 0 0
595 1567 594 107 30557 0 6
595 1553 608 107 30556 0 0
595 1552 607 107 30555 0 0
595 1557 613 100 30554 0 1
595 1562 599 100 30553 0 1
595 1566 597 100 30552 0 2
595 1567 603 100 30551 0 0
595 1557 615 108 30547 0 4
595 1548 577 93 28656 0 6
595 2337 1278 133 28439 0 3
595 2493 1365 131 28201 0 2
595 2224 1202 137 28169 0 3
595 2190 1309 133 28167 0 5
595 1803 1189 167 27913 0 4
595 1674 884 120 27912 0 1
595 1676 884 120 27911 0 2
595 1670 873 121 27907 0 0
595 1589 598 100 27903 0 3
595 1602 809 124 27892 0 5
595 1603 806 124 27891 0 2
595 1603 750 115 27885 0 1
595 1562 670 103 27877 0 1
595 1563 672 103 27876 0 4
595 1630 731 114 27827 0 6
595 1874 1297 146 27752 0 5
595 1878 1269 145 27747 0 2
595 1854 1267 146 27746 0 2
595 1879 1293 145 27745 0 5
595 2570 1135 128 27737 0 5
595 2544 1263 127 27729 0 3
595 1761 1286 140 26528 0 5
595 1550 574 93 26527 0 4
595 1896 1293 144 26497 0 0
595 2114 1288 137 20562 0 2
599 1148 786 196 32258 0 2
599 897 327 224 30899 0 1
599 928 331 220 30898 0 2
599 897 361 236 30897 0 2
599 1202 660 197 30535 0 3
599 1080 480 208 28824 0 3
599 900 356 215 28235 0 5
599 965 398 231 28234 0 2
599 1077 484 208 28149 0 2
599 1083 473 208 28130 0 3
599 1077 474 208 28070 0 3
599 1015 832 189 28055 0 3
599 1295 667 190 27978 0 3
599 1009 760 209 27977 0 3
599 843 666 191 27975 0 0
599 1043 674 203 27973 0 2
599 907 675 197 27972 0 0
599 1145 731 197 27971 0 2
599 1060 579 208 27970 0 3
599 1185 671 197 27969 0 2
599 948 788 196 27966 0 2
599 1061 784 191 27965 0 6
599 1076 788 191 27964 0 4
599 1153 763 196 27963 0 2
599 1176 639 197 27962 0 3
599 1034 727 202 27961 0 3
599 1151 763 196 27960 0 2
600 -510 -734 31 30534 0 2
600 -242 -675 133 28492 0 1
600 -237 -617 119 28015 0 4
600 -268 -721 28 27910 0 4
600 -274 -741 28 27909 0 1
600 -329 -663 12 27871 0 2
600 -545 -697 31 27483 0 4
600 -354 -609 73 27431 0 3
600 -398 -609 73 26830 0 3
600 -341 -724 29 26712 17188 4
600 -227 -726 31 26675 0 3
600 -270 -721 28 26674 0 4
600 -542 -675 31 26641 0 1
600 -342 -592 73 26639 0 4
600 -440 -616 88 26638 0 6
600 -496 -712 31 26637 0 2
600 -449 -604 73 26636 0 6
600 -371 -605 3 26635 0 3
600 -237 -675 133 26632 0 5
600 -379 -738 28 26631 0 4
600 -268 -659 27 26630 0 6
600 -528 -694 31 26628 0 6
600 -520 -603 2 26626 0 3
600 -249 -721 28 26625 0 2
600 -325 -656 11 26624 0 3
600 -446 -614 73 26623 0 0
600 -398 -682 27 26622 0 4
600 -325 -659 11 26621 0 6
600 -324 -661 11 26620 0 2
601 522 728 796 30533 0 2
601 531 536 335 29349 0 1
601 553 733 778 29335 0 2
601 525 546 675 29153 0 5
601 546 341 241 29128 0 2
601 552 254 224 29120 0 2
601 520 548 733 29118 0 5
601 539 549 733 29117 0 4
601 529 547 733 28922 0 4
601 558 517 694 28921 0 0
601 557 528 654 28735 0 1
601 521 659 777 28734 0 1
601 506 669 777 28733 0 0
601 506 664 778 28732 0 0
601 543 665 777 28731 0 1
601 526 663 777 28730 0 1
601 511 666 777 28729 0 0
601 529 646 778 28684 0 1
602 1259 42 34 29240 0 2
602 1045 -122 75 29048 0 2
602 1248 -145 53 28965 0 5
602 1259 -184 53 28961 0 2
602 1079 -262 62 28947 0 6
602 1186 34 61 28923 0 3
602 1072 59 54 28920 0 3
602 1033 -113 62 28838 0 5
602 1042 -116 62 28837 0 4
602 1025 -119 62 28836 0 6
602 1037 10 62 28835 0 2
602 1126 -322 58 28826 0 1
602 1181 -315 53 28825 0 2
602 1322 -89 62 28823 0 6
602 1332 -102 57 28587 0 2
602 1262 85 34 28586 0 2
602 1314 -198 24 28585 0 4
602 1310 -237 38 28584 0 6
602 1300 -243 38 28583 0 2
602 1269 105 34 28582 0 2
602 1270 4 34 28581 0 5
602 1253 103 34 28580 0 6
602 1272 104 34 28579 0 4
602 1326 163 54 28578 0 2
602 1118 -247 58 28547 0 2
602 1082 -262 62 28546 0 0
603 268 -42 410 34286 0 0
603 792 50 410 34273 0 5
603 807 -85 410 34271 0 1
603 805 -66 410 34269 0 1
603 809 -77 410 34267 0 4
603 321 -48 410 34234 0 3
603 1558 -31 421 34199 0 3
603 1554 -16 421 34198 0 3
603 1705 31 428 34197 0 4
603 1609 -13 421 34196 0 3
603 2084 57 413 34193 0 4
603 2726 2557 365 34192 0 3
603 2093 68 413 34191 0 4
603 1678 -24 428 34190 0 3
603 2080 58 413 34184 0 1
603 2081 62 413 34183 0 4
603 -228 -253 370 34164 0 3
603 -91 102 436 34159 0 2
603 1922 -166 416 34151 0 3
603 1847 -263 419 34150 0 1
603 1884 -202 414 34146 0 2
603 2745 2569 365 34143 0 0
603 1991 -336 426 34135 0 5
603 1913 -136 413 34134 0 1
603 1864 -356 413 34133 0 2
603 578 344 361 34086 0 5
603 599 320 361 34085 0 5
603 2746 2569 370 34071 0 3
603 570 33 411 34069 0 5
603 2135 -264 443 34055 0 0
603 1945 37 412 34014 0 4
603 814 58 410 34004 0 5
603 1900 0 333 33991 0 0
603 1557 144 428 33956 0 4
603 1982 -26 262 33890 0 0
603 1436 119 425 33874 0 0
603 2704 2569 365 33856 0 0
603 2714 2569 365 33855 0 1
603 1842 144 343 33838 0 2
603 1908 130 413 33824 0 5
603 1899 130 413 33823 0 5
603 1864 136 343 33822 0 1
603 1840 145 343 33820 0 2
603 1888 154 343 33819 0 1
603 1802 125 343 33818 0 2
603 577 -113 392 33816 0 4
603 1777 -45 449 33809 0 0
603 1761 -12 449 33802 0 6
603 -689 -50 429 33779 0 0
603 1832 75 343 33772 0 2
603 2139 -196 413 33755 0 1
603 2131 -196 413 33754 0 2
603 1810 -38 409 33742 0 0
603 2135 -340 438 33725 0 0
603 -760 -151 439 33721 0 0
603 -771 -148 431 33701 0 0
603 2043 40 412 33699 0 4
603 -774 -145 431 33696 0 6
603 -765 -148 431 33686 0 3
603 -812 -201 430 33672 0 4
603 -742 -198 431 33669 0 6
603 -743 -198 435 33666 0 6
603 -816 -204 431 33662 0 2
603 1772 20 449 33661 0 5
603 1763 -4 449 33632 0 6
603 -782 -51 431 33629 0 0
603 -727 -163 431 33627 0 2
603 -805 -40 431 33626 0 4
603 -718 -57 431 33624 0 1
603 -804 -51 430 33622 0 2
603 -805 -56 431 33620 0 2
603 -717 -55 431 33579 0 4
603 2719 2459 373 33576 0 3
603 2280 -103 438 33575 0 0
603 77 10 414 33571 0 3
603 2315 17 430 33528 0 4
603 2350 -191 438 33527 0 2
603 2277 29 427 33526 0 5
603 2351 -180 438 33525 0 4
603 1939 43 412 33515 0 4
603 1839 124 342 33500 0 0
603 2745 2569 365 33432 0 3
603 2382 -147 435 33431 0 1
603 2382 -155 437 33430 0 1
603 2372 -55 425 33406 0 0
603 2164 -291 421 33378 0 1
603 282 -134 490 33377 0 2
603 2297 -98 431 33355 0 4
603 2439 27 430 33354 0 5
603 2744 2569 365 33350 0 3
603 811 -70 410 33344 0 1
603 898 67 413 33337 0 4
603 886 -12 410 33329 0 3
603 886 -12 410 33293 0 3
603 1957 -9 328 33292 0 1
603 1981 -29 325 33288 0 3
603 594 -93 392 33287 0 5
603 572 -136 392 33282 0 5
603 1980 -26 327 33280 0 0
603 1851 77 343 33271 0 2
603 -224 -279 397 33264 0 2
603 584 -111 392 33259 0 5
603 -1 -51 411 33237 0 3
603 -192 -95 410 33236 0 3
603 1555 143 428 33235 0 4
603 572 -139 394 33233 0 5
603 -133 -220 435 33214 0 3
603 586 -105 392 33210 0 2
603 2148 -298 439 33196 0 0
603 588 -175 392 33186 0 2
603 2210 -330 413 33141 0 6
603 2246 -304 413 33140 0 6
603 1980 -26 330 33134 0 3
603 623 331 361 33121 0 3
603 587 382 361 33118 0 5
603 229 -33 410 33113 0 3
603 2203 -265 413 33110 0 3
603 -767 -225 431 33109 0 2
603 1615 -292 418 33089 0 3
603 1627 -339 418 33086 0 1
603 -720 -15 431 33063 0 5
603 -718 -118 431 33062 0 0
603 -784 -33 431 33060 0 5
603 -784 -226 431 33059 0 2
603 2135 -391 438 33054 0 0
603 1800 -24 453 32930 0 3
603 1591 109 428 32927 0 2
603 2400 149 445 32915 0 4
603 2227 -101 433 32914 0 2
603 2393 -192 439 32913 0 2
603 2141 -261 420 32907 0 2
603 2343 -47 426 32906 0 3
603 2185 -290 439 32904 0 3
603 2022 -240 433 32901 0 2
603 2009 -244 433 32900 0 2
603 2001 -231 433 32893 0 2
603 2115 -291 439 32892 0 0
603 2164 -217 436 32886 0 4
603 2140 -268 420 32883 0 1
603 2133 -261 420 32882 0 3
603 2135 -262 429 32879 0 1
603 2187 -295 443 32878 0 3
603 2185 -301 445 32877 0 2
603 2180 -299 440 32876 0 2
603 2228 -414 413 32875 0 1
603 2224 -351 413 32874 0 1
603 2135 -440 439 32873 0 0
603 2228 -381 413 32872 0 2
603 1633 -308 418 32871 0 2
603 1579 120 428 32867 0 6
603 2135 -304 439 32865 0 2
603 1563 129 428 32857 0 4
603 2001 -199 433 32845 0 5
603 131 -35 410 32780 0 0
604 1827 852 130 30537 0 3
604 1643 934 108 29932 0 1
604 1744 952 117 29920 0 2
604 1779 851 124 29874 0 3
604 1801 744 120 29838 0 3
604 1851 743 136 29836 0 3
604 1688 818 123 29834 0 1
604 1576 718 144 29832 0 2
604 1670 734 143 29830 0 1
604 1601 805 147 29829 0 6
604 1579 833 153 29826 0 3
604 1572 835 154 29822 0 5
604 1574 831 154 29820 0 1
604 1577 835 154 29819 0 4
604 1644 649 127 29774 0 6
604 1693 635 129 29768 0 6
604 1784 647 134 29682 0 4
604 1775 615 125 29630 0 3
604 1673 744 143 29307 0 3
604 1916 743 137 29306 0 6
604 1772 810 130 29305 0 5
604 1776 675 130 29304 0 2
607 1364 221 38 29262 0 3
607 1361 -322 37 29260 0 0
607 1611 -118 9 28781 0 2
607 1405 84 42 27894 0 5
607 842 -134 197 29 0 6
608 1928 801 39 32204 0 5
608 1967 781 53 31118 0 2
608 1824 804 49 30896 0 0
608 1850 792 45 30883 0 2
608 1896 836 39 30857 0 4
608 1835 796 45 30658 0 2
608 1952 791 77 29425 0 3
608 1892 877 44 29395 0 5
608 1841 795 45 29326 0 2
608 1895 708 48 29316 0 2
608 1870 876 44 29315 0 5
608 1940 868 48 29314 0 4
608 1947 744 36 29313 0 2
608 1839 742 39 29312 0 1
608 1837 806 81 29276 0 6
608 1910 848 39 29266 0 4
609 2401 -5681 156 32541 0 3
609 2471 -5133 77 31082 0 6
609 2443 -5586 416 29567 0 6
609 2474 -5579 416 29566 0 4
609 2453 -5611 416 29565 0 1
609 2451 -5616 418 29521 0 1
609 2447 -5607 416 29520 0 1
609 2443 -5600 416 29519 0 0
609 2409 -5722 155 29501 0 5
609 2349 -5695 385 29488 0 4
609 2436 -5132 83 29204 0 4
609 2815 -5456 159 29193 0 2
609 2289 -5327 117 29192 0 5
609 2773 -5429 161 29191 0 1
609 2660 -5407 158 29189 0 4
609 2750 -5511 167 29186 0 4
609 2730 -5368 159 29185 0 3
609 2432 -5137 85 29173 0 4
609 2193 -5912 101 29136 0 1
609 2115 -5849 104 29115 0 4
609 2715 -5422 162 29113 0 6
609 2815 -5448 160 29112 0 5
609 2293 -5644 147 29106 0 3
609 1778 -5819 116 29104 0 6
609 1976 -5755 100 29103 0 0
609 2107 -5850 103 29102 0 6
609 2379 -5640 382 29101 0 1
609 1291 -6156 15 29080 0 6
609 1317 -6124 15 29078 0 6
609 1320 -6125 15 29077 0 3
609 1331 -5765 138 29074 0 3
609 1322 -5749 138 29073 0 0
609 1331 -5748 138 29072 0 3
609 1331 -5741 138 29071 0 4
609 1328 -5773 138 29070 0 1
609 1321 -5754 138 29068 0 0
609 1332 -5756 138 29067 0 3
609 1319 -5763 138 29065 0 6
609 1321 -5741 138 29061 0 5
609 1351 -5721 137 29053 0 6
609 2372 -5789 156 29047 0 2
609 1385 -5699 139 29038 0 2
609 1319 -5772 138 29032 0 1
609 2328 -5739 154 29031 0 4
609 2328 -5734 154 29030 0 4
609 1654 -6044 150 29000 0 2
609 1795 -5833 115 28964 0 0
609 1416 -6018 117 28957 0 1
609 1574 -5710 122 28946 0 4
609 1588 -5703 124 28945 0 4
609 1873 -5774 89 28943 0 5
609 1647 -5838 123 28942 0 4
609 1502 -5813 133 28941 0 0
609 1792 -5809 112 28940 0 6
609 1654 -5914 118 28939 0 5
609 1898 -5801 102 28937 0 5
609 1525 -6074 117 28936 0 4
609 1342 -5669 137 28934 0 5
609 2332 -5737 154 28933 0 4
609 1977 -5817 101 28919 0 6
609 1403 -5826 138 28914 0 6
609 1397 -5827 138 28913 0 6
609 1656 -6039 129 28912 0 3
609 1882 -5763 84 28911 0 3
609 1877 -5778 86 28910 0 2
609 1788 -5824 121 28906 0 3
609 2104 -5852 103 28905 0 4
609 1988 -5874 101 28903 0 5
609 2180 -5806 102 28901 0 4
609 2370 -5861 105 28898 0 0
609 1805 -5927 116 28897 0 6
609 1339 -5677 138 28896 0 4
609 2108 -5729 101 28893 0 4
609 2094 -5829 103 28892 0 1
609 2407 -5925 112 28891 0 4
609 2815 -5448 159 28890 0 3
609 2197 -5901 101 28889 0 2
609 2227 -6024 9 28856 0 1
609 2128 -6134 4 28850 0 1
609 2237 -6165 2 28839 0 6
609 2254 -6125 6 28834 0 3
609 2253 -6193 14 28833 0 2
609 2439 -5922 100 28822 0 4
609 2401 -5905 110 28821 0 3
609 2422 -5968 97 28819 0 4
609 1610 -5911 117 28769 0 6
609 1960 -5793 101 28766 0 2
609 2345 -5721 154 28760 0 1
609 2315 -5645 151 28709 0 5
609 2197 -5848 102 28683 0 5
609 1400 -5824 138 28660 0 1
609 2349 -5758 155 28658 0 6
609 2244 -5791 158 28655 0 2
609 2417 -5779 148 28654 0 5
609 2352 -5701 155 28653 0 6
609 -8641 1331 6 28650 0 5
609 2319 -5742 154 28647 0 2
609 2279 -5712 155 28642 0 4
609 2136 -5780 100 28627 0 6
609 2269 -5898 158 28616 0 4
609 2205 -5781 140 28614 0 0
609 2142 -5853 102 28611 0 1
609 1465 -5904 132 28610 0 1
609 2209 -5791 102 28609 0 1
609 2241 -5914 100 28608 0 5
609 2178 -5812 102 28607 0 3
609 2234 -5860 102 28606 0 6
609 2202 -5836 102 28605 0 0
609 1654 -5914 118 28594 0 5
609 2253 -5850 102 28577 0 3
609 2170 -5785 102 28576 0 4
609 1633 -5959 131 28560 0 5
609 1673 -5938 126 28559 0 5
609 2110 -5688 101 28557 0 5
609 1327 -6114 16 28556 0 5
609 1288 -6109 16 28555 0 6
609 1325 -6116 16 28554 0 6
609 1331 -6116 16 28553 0 4
609 1326 -6121 16 28552 0 1
609 1291 -6110 16 28551 0 3
609 1319 -6122 15 28550 0 5
609 1290 -6107 16 28549 0 4
609 1385 -5701 138 28544 0 6
609 1742 -5811 117 28530 0 6
609 1803 -5984 116 28529 0 2
609 1807 -5991 118 28525 0 2
609 2345 -5662 383 28510 0 1
609 2443 -5653 421 28506 0 3
609 2462 -5654 421 28505 0 6
609 2344 -5660 430 28487 0 5
609 2414 -5524 378 28474 0 5
609 2528 -5550 378 28472 0 4
609 2506 -5663 378 28471 0 2
609 2393 -5621 378 28449 0 6
609 2395 -5620 378 28448 0 4
609 2396 -5623 378 28447 0 3
609 2361 -5728 155 28446 0 4
609 2463 -5597 368 28445 0 4
609 2461 -5593 368 28444 0 4
609 2351 -5684 155 28406 0 2
609 2481 -5539 421 28393 0 5
609 2478 -5533 421 28392 0 5
609 2485 -5535 422 28391 0 6
609 2491 -5536 421 28390 0 2
609 2393 -5561 429 28386 0 4
609 2399 -5607 429 28385 0 1
609 2507 -5614 421 28383 0 1
609 2371 -5701 155 28377 0 4
609 2511 -5593 421 28367 0 1
609 2487 -5567 421 28357 0 6
609 2345 -5671 427 25462 0 4
610 -17 -11 -15 31706 0 5
610 5 -2 -17 31704 0 1
615 3240 676 90 31138 0 1
615 3339 513 100 31103 0 0
615 3367 623 88 30682 0 3
615 3359 619 86 30681 0 1
615 3353 628 86 30680 0 6
615 3235 591 58 30648 0 1
615 3243 554 59 30494 0 4
615 3245 689 91 30453 0 6
615 3237 664 88 30452 0 1
615 3348 516 100 30451 0 0
615 3153 518 91 30449 0 3
615 3249 530 59 28860 0 4
616 755 1302 221 32448 0 4
616 754 1302 267 31253 0 1
616 754 1301 267 30334 0 4
616 652 1201 296 30118 0 1
616 755 1302 284 30090 0 6
616 809 1214 296 28859 0 3
619 521 -353 47 31105 0 5
619 514 -739 -31 30419 0 4
619 518 -745 -31 30418 0 4
619 451 -722 -31 30416 0 3
619 538 -526 27 30414 0 4
619 467 -744 -27 30413 0 6
619 368 -921 -82 30391 0 6
619 578 -963 39 30338 0 4
619 398 -952 -80 30329 0 2
619 479 -770 -31 30319 0 4
619 624 -803 -85 30288 0 2
619 686 -865 10 30287 0 2
619 611 -849 -2 30286 0 2
619 609 -843 -3 30285 0 3
619 549 -779 -2 30284 0 1
619 608 -914 24 30283 0 2
619 569 -1008 39 30279 0 5
619 570 -870 23 30278 0 2
619 579 -866 23 30277 0 2
619 561 -874 23 30276 0 2
619 342 -899 -77 30258 0 1
619 375 -707 -15 30181 0 2
619 516 -742 -31 30179 0 4
619 618 -923 26 30173 0 0
619 636 -922 26 30172 0 4
619 362 -714 -15 30114 0 1
619 509 -764 -31 30111 0 4
619 520 -453 27 29311 0 5
619 372 -705 0 29310 0 5
619 680 -905 26 29309 0 4
619 529 -846 43 29308 0 1
624 -41 -231 98 38482 0 2
624 -43 -289 92 38439 0 2
624 -43 -291 92 38433 0 2
624 -219 -103 113 36093 0 0
624 -219 -61 105 35143 0 5
624 -195 82 92 35015 0 3
624 -219 104 92 35013 0 5
624 -219 -264 92 34230 0 2
624 -219 -229 98 34015 0 2
624 -205 -281 92 33998 0 2
624 -219 -289 92 33993 0 1
624 -164 -104 104 32353 0 3
624 140 -102 92 31125 0 3
631 -59 2195 28 39509 0 1
631 -49 2219 28 39372 0 3
631 -520 2183 540 39010 11686 0
631 4224 2788 353 38879 0 3
631 -49 2252 31 38858 0 4
631 -68 2269 31 38841 0 5
631 -69 2268 31 38840 0 5
631 -531 2229 540 38569 11686 0
631 -612 2206 200 38491 0 0
631 -452 2355 192 38490 0 3
631 -57 2195 28 38316 0 3
631 -76 2283 33 38284 0 5
631 -70 2283 34 38283 0 5
631 4357 3025 361 38228 0 5
631 -41 2172 31 38194 0 6
631 -66 2266 31 38182 0 2
631 -78 2265 31 38181 0 2
631 -47 2251 31 38054 0 4
631 -73 2269 31 37999 0 5
631 -71 2272 32 37998 0 5
631 -77 2271 32 37997 0 5
631 -78 2221 28 37996 0 3
631 -71 2267 31 37993 0 4
631 -73 2269 31 37992 0 5
631 -75 2267 31 37991 0 6
631 -583 2212 50 37948 0 6
631 -524 2212 63 37947 16925 3
631 -521 2233 540 37936 0 5
631 -529 2226 540 37935 0 6
631 -87 2214 28 37928 0 0
631 -462 2211 542 37813 0 3
631 4136 2782 354 37744 0 5
631 -62 2229 28 37696 0 6
631 -108 2258 31 37689 0 5
631 -59 2222 28 37688 0 3
631 -46 2249 31 37687 0 4
631 4513 2770 352 37664 0 6
631 4530 2776 352 37663 31036 4
631 4529 2762 352 37595 31026 2
631 -107 2167 31 37589 0 1
631 -74 2155 31 37586 0 2
631 4634 2747 362 37571 0 3
631 -371 2324 201 37546 0 2
631 -370 2329 201 37545 0 2
631 -363 2087 201 37544 0 2
631 -309 2188 348 37528 0 4
631 -517 2126 201 37231 24719 4
631 -541 2287 200 37230 0 3
631 4446 3064 361 37217 0 5
631 -45 2212 28 37200 0 3
631 -44 2209 28 37190 0 3
631 -48 2209 28 37189 0 3
631 -49 2211 28 37187 0 3
631 -478 2457 191 37184 0 6
631 -126 2212 83 37183 0 0
631 -502 2468 196 37182 0 6
631 -124 2212 83 37181 0 1
631 -552 2128 201 37149 0 6
631 -525 2292 200 37148 30536 4
631 -422 2083 192 37146 30531 1
631 -379 2330 198 37144 0 0
631 -71 2155 31 37120 0 1
631 -49 2214 28 37119 0 3
631 4323 2738 375 37098 0 2
631 4383 2964 359 37038 0 5
631 -373 2100 201 37035 30490 2
631 -522 2114 201 37034 0 2
631 -554 2281 201 37033 0 1
631 -538 2131 201 37032 30475 3
631 -406 2100 192 37031 30479 0
631 -560 2203 201 37030 30481 2
631 -571 2212 201 37029 30484 1
631 -567 2213 201 37028 30486 3
631 -558 2226 201 37027 30472 4
631 -578 2226 201 37026 30470 5
631 4268 3064 361 37025 0 5
631 4372 3033 361 37023 0 5
631 4342 2871 350 37022 0 5
631 -571 2218 200 37021 0 5
631 -533 2298 200 37017 30465 4
631 -526 2305 200 37016 0 4
631 -301 2208 43 37012 0 6
631 -243 2172 39 37011 0 4
631 -194 2290 41 37007 0 5
631 -392 2318 197 37004 0 6
631 -569 2217 201 37003 0 5
631 -374 2325 200 36998 30450 6
631 -496 2447 195 36970 0 5
631 -473 2467 191 36948 0 6
631 4356 3036 361 36880 0 5
631 -635 2211 52 36855 0 0
631 -581 2211 50 36848 17612 2
631 -466 1886 217 36839 0 2
631 -620 2167 51 36829 0 2
631 -604 2191 50 36811 0 3
631 -600 2226 50 36808 0 3
631 -602 2203 50 36807 0 3
631 -586 2195 50 36805 30360 3
631 -250 2220 87 36725 0 6
631 -246 2212 43 36724 0 0
631 4356 3263 390 36678 0 1
631 4446 3137 361 36627 0 5
631 4268 3137 361 36626 0 5
631 -401 2211 43 36612 0 6
631 5834 521 658 32601 17476 1
631 4351 2909 352 10404 0 5
632 4900 2206 639 37779 0 5
632 4903 2213 639 37583 0 0
632 5672 2521 714 37094 30822 1
632 5034 2194 625 36967 0 0
632 5463 2488 706 36666 0 4
632 5037 2144 647 36620 0 1
632 5021 2141 644 36564 0 6
632 5230 2164 653 36551 0 2
632 5171 2132 653 36522 0 3
632 5166 2124 653 36516 0 1
632 5108 2290 653 36508 0 4
632 5662 2507 709 36502 0 4
632 5029 2149 644 36499 0 1
632 5297 2507 687 36497 0 3
632 4944 2231 639 36478 0 4
647 -2 -8 -23 34730 0 3
647 -17 -6 -14 34723 0 3
647 -1 -6 -23 34721 0 4
647 8 -5 -17 34719 0 5
647 14 -5 -24 34718 0 0
647 -14 -12 -15 34717 0 5
647 -9 -8 -17 34715 0 3
649 708 71 143 36099 0 0
649 563 140 394 35821 0 0
649 564 140 394 35820 0 0
649 522 128 395 35376 0 0
649 564 140 395 35014 0 0
649 563 78 419 34996 0 2
649 503 143 419 34995 0 6
649 503 136 419 34994 0 6
649 624 135 419 34992 0 3
649 625 139 419 34990 0 3
649 533 80 422 34979 0 1
649 553 82 419 34977 0 1
649 593 87 419 34975 0 2
649 603 94 419 34974 0 2
649 575 82 419 34970 0 2
649 543 76 422 34966 0 1
649 627 157 422 34910 0 3
649 621 172 422 34909 0 4
649 616 109 419 34908 0 3
649 621 123 419 34906 0 3
649 506 173 422 34905 0 6
649 504 164 420 34904 0 6
649 514 99 420 34903 0 1
649 508 115 419 34902 0 1
649 498 127 422 34901 0 0
649 621 128 419 34900 0 3
649 598 90 419 34887 0 2
649 553 81 419 34883 0 1
649 613 172 419 34871 0 4
649 621 151 419 34870 0 3
649 626 165 422 34869 0 4
649 613 106 419 34868 0 2
649 735 75 143 34862 0 2
649 508 160 419 34861 0 6
649 517 176 419 34860 0 6
649 506 126 419 34859 0 0
649 514 106 419 34858 0 1
649 508 115 419 34857 0 0
649 627 122 422 34856 0 3
649 559 90 396 34816 0 5
649 563 140 395 34781 0 0
649 564 140 395 34743 0 0
649 558 188 396 34720 0 0
649 620 144 396 34704 0 5
649 564 140 400 17965 0 5
650 788 651 413 36559 0 4
650 793 643 413 36558 0 4
650 791 647 413 36557 0 4
650 705 651 413 35644 0 6
650 747 616 412 35016 0 0
650 747 621 412 35005 0 5
650 748 619 412 35004 0 5
658 1067 48 631 37728 0 2
658 619 211 508 37713 0 3
658 591 161 510 37712 0 3
658 625 108 511 37711 0 0
658 630 112 511 37592 0 2
658 630 112 511 37591 0 2
658 498 212 529 37222 0 0
658 443 213 529 36990 0 0
658 718 33 496 36913 0 3
658 681 -188 527 36907 0 6
658 685 51 562 36896 0 0
658 658 -75 514 36891 0 2
658 801 -17 510 36886 0 4
658 762 -36 509 36881 0 4
658 806 35 498 36879 0 5
658 1056 -53 634 36877 0 5
658 1070 100 632 36841 0 5
658 686 44 451 36830 30365 3
658 907 -49 619 36794 0 2
658 763 -43 509 36788 0 4
658 706 79 473 36773 30390 2
658 713 153 512 36772 30387 0
658 726 149 512 36771 0 1
658 834 -17 510 36770 30383 4
658 702 9 447 36767 30377 1
658 727 45 451 36766 30375 1
658 749 53 464 36765 0 2
658 750 -107 514 36764 0 6
658 954 195 629 36731 0 6
658 1017 169 643 36661 0 5
658 1018 167 629 36658 0 5
658 639 -210 530 36495 0 1
658 713 -232 527 36494 0 3
658 853 124 518 36477 0 3
658 853 124 510 36476 0 3
668 5342 1976 710 38113 0 2
668 5277 2037 710 38112 0 6
668 5309 2006 716 37704 17612 4
668 5551 2261 734 37226 0 4
668 5412 2151 721 36736 0 5
668 5414 2116 708 36723 0 4
672 9 -29 25 37547 0 0
672 -13 0 13 37540 0 0
672 39 0 26 37519 0 0
672 -6 -25 22 36838 0 5
673 60 0 39 37833 0 3
673 4 0 25 37215 0 0
673 -56 12 35 36971 0 3
673 36 0 37 36939 0 3
724 3241 664 78 40870 0 3
571 2307 5413 3 25311 0 6
571 2899 5089 34 25806 0 0
571 4683 -380 180 27333 0 0
571 4744 -327 184 27357 0 4
571 4711 -430 177 27202 0 3
571 4333 454 -6 26492 0 0
571 4344 521 -5 26493 0 3
